3 0.61875 0.31953125 0.0171875 0.0828125
2 0.34140625 0.7140625 0.1609375 0.259375
2 0.21015625 0.60703125 0.1296875 0.1515625
2 0.45078125 0.4859375 0.0703125 0.1453125
2 0.37890625 0.39296875 0.0703125 0.134375
2 0.44140625 0.27265625 0.0515625 0.0890625
3 0.3796875 0.265625 0.021875 0.0703125
3 0.3234375 0.24609375 0.009375 0.0578125
2 0.18984375 0.0984375 0.021875 0.034375
2 0.3578125 0.18984375 0.03125 0.05625
2 0.384375 0.15234375 0.0390625 0.0609375
2 0.3421875 0.13359375 0.0265625 0.05625
2 0.36640625 0.0953125 0.028125 0.040625
2 0.3328125 0.09140625 0.021875 0.0390625
2 0.31875 0.0484375 0.0265625 0.0390625
2 0.3421875 0.02890625 0.021875 0.0359375