2 0.72109375 0.615625 0.0984375 0.165625
2 0.56953125 0.56875 0.0859375 0.1765625
3 0.52890625 0.41015625 0.0203125 0.0984375
3 0.68359375 0.39296875 0.03125 0.0921875
2 0.60234375 0.2796875 0.0484375 0.0875
2 0.64453125 0.1609375 0.0390625 0.06875
3 0.66796875 0.24375 0.0140625 0.0609375
3 0.68046875 0.2453125 0.009375 0.0546875
3 0.37109375 0.30390625 0.0171875 0.071875
2 0.5953125 0.16796875 0.034375 0.05625
3 0.62265625 0.1578125 0.0140625 0.05625
2 0.5765625 0.1359375 0.028125 0.0515625
2 0.59609375 0.09375 0.028125 0.0453125
2 0.66953125 0.109375 0.028125 0.053125
2 0.64296875 0.06640625 0.0265625 0.0390625
2 0.68359375 0.05390625 0.025 0.0359375
2 0.66484375 0.0296875 0.0203125 0.0328125
2 0.63828125 0.02734375 0.025 0.034375
2 0.81015625 0.1 0.025 0.034375
3 0.38125 0.94609375 0.0265625 0.10625