2 0.18984375 0.10078125 0.025 0.0359375
3 0.18515625 0.11328125 0.0125 0.0359375
2 0.35078125 0.01171875 0.0203125 0.021875
2 0.33671875 0.1265625 0.0234375 0.0484375
2 0.35078125 0.14921875 0.034375 0.0609375
2 0.39921875 0.15390625 0.0359375 0.0578125
3 0.50390625 0.1546875 0.0125 0.0484375
3 0.49140625 0.1578125 0.0125 0.0515625
2 0.459375 0.1890625 0.0390625 0.05625
3 0.13359375 0.19609375 0.0140625 0.0625
2 0.41328125 0.1984375 0.04375 0.075
2 0.36640625 0.20703125 0.0390625 0.0703125
3 0.40859375 0.24375 0.0203125 0.0671875
3 0.45078125 0.28515625 0.0171875 0.0578125
3 0.196875 0.3015625 0.0390625 0.071875
3 0.35 0.31875 0.0125 0.0625
3 0.0734375 0.36796875 0.0484375 0.084375
3 0.3796875 0.4484375 0.0578125 0.084375
3 0.11640625 0.4796875 0.0703125 0.0921875
3 0.7046875 0.48828125 0.071875 0.0828125
3 0.3390625 0.49765625 0.0671875 0.096875
2 0.31875 0.053125 0.021875 0.0359375
3 0.5734375 0.5609375 0.071875 0.1015625
2 0.08203125 0.58203125 0.1609375 0.11875
3 0.375 0.078125 0.0125 0.0484375
2 0.32578125 0.08203125 0.0265625 0.04375
1 0.9171875 0.85078125 0.165625 0.2953125
3 0.81015625 0.87265625 0.0359375 0.1390625