2 0.9515625 0.7515625 0.096875 0.184375
3 0.79921875 0.59609375 0.05625 0.128125
4 0.62734375 0.734375 0.159375 0.3828125
2 0.5265625 0.4984375 0.0625 0.1296875
2 0.65234375 0.4375 0.0765625 0.1203125
2 0.5375 0.3390625 0.0515625 0.096875
0 0.3734375 0.36875 0.040625 0.0765625
3 0.6046875 0.30546875 0.0171875 0.075
2 0.61875 0.240625 0.0453125 0.0671875
2 0.55546875 0.171875 0.0390625 0.053125
2 0.64453125 0.16015625 0.034375 0.0578125
2 0.61875 0.1109375 0.034375 0.053125
2 0.6703125 0.0765625 0.0265625 0.040625
2 0.6546875 0.0296875 0.025 0.0390625
3 0.6578125 0.053125 0.0078125 0.0390625
2 0.81015625 0.0984375 0.0203125 0.0359375