2 0.6765625 0.87265625 0.1484375 0.2515625
2 0.83984375 0.7015625 0.15 0.2046875
3 0.4625 0.896875 0.0453125 0.146875
2 0.61640625 0.58046875 0.1203125 0.184375
2 0.525 0.38125 0.05625 0.1203125
2 0.53828125 0.19375 0.0390625 0.0609375
2 0.625 0.2171875 0.0390625 0.0671875
2 0.64453125 0.1703125 0.03125 0.05625
2 0.6046875 0.14296875 0.034375 0.053125
2 0.65390625 0.11640625 0.03125 0.0515625
2 0.6421875 0.0578125 0.021875 0.04375
2 0.6828125 0.05625 0.0203125 0.0390625
2 0.69375 0.15234375 0.0140625 0.0453125
0 0.6421875 0.32109375 0.04375 0.071875
3 0.6828125 0.3296875 0.0171875 0.075
3 0.68984375 0.3125 0.0171875 0.075
3 0.64453125 0.30390625 0.0140625 0.0765625
2 0.81015625 0.0984375 0.025 0.0390625