2 0.58671875 0.18125 0.115625 0.2265625
3 0.12734375 0.21640625 0.025 0.1328125
2 0.65625 0.02421875 0.0875 0.0484375
3 0.2078125 0.25 0.0640625 0.1703125
3 0.88671875 0.2796875 0.0265625 0.125
3 0.4515625 0.3015625 0.04375 0.1640625
2 0.41015625 0.03125 0.0984375 0.0625
3 0.6625 0.43984375 0.025 0.1453125
2 0.5265625 0.05390625 0.1109375 0.1078125
3 0.271875 0.69453125 0.0625 0.196875
3 0.18359375 0.071875 0.0296875 0.134375
3 0.2359375 0.88203125 0.0703125 0.2328125
3 0.30859375 0.89453125 0.0625 0.209375