2 0.384375 0.63359375 0.115625 0.1796875
2 0.34375 0.4796875 0.084375 0.1421875
3 0.915625 0.63203125 0.021875 0.115625
2 0.40625 0.30078125 0.0453125 0.0921875
2 0.46015625 0.271875 0.0546875 0.075
2 0.36875 0.2203125 0.040625 0.075
2 0.41015625 0.1734375 0.04375 0.071875
2 0.34140625 0.13359375 0.03125 0.0578125
2 0.37890625 0.115625 0.03125 0.0625
2 0.36171875 0.07421875 0.034375 0.05625
2 0.32578125 0.1 0.025 0.0453125
2 0.3234375 0.06484375 0.021875 0.0359375
2 0.35 0.01171875 0.0203125 0.021875
2 0.1890625 0.0984375 0.025 0.0390625