3 0.87265625 0.46015625 0.021875 0.0828125
3 0.8578125 0.40390625 0.0265625 0.0796875
3 0.8078125 0.38671875 0.0203125 0.0625
3 0.634375 0.33203125 0.0203125 0.075
3 0.59609375 0.2828125 0.0171875 0.0671875
3 0.5359375 0.209375 0.0171875 0.05625
3 0.4796875 0.3421875 0.021875 0.0828125
3 0.4265625 0.30625 0.0203125 0.0765625
3 0.39296875 0.35234375 0.021875 0.096875
3 0.35234375 0.35078125 0.0171875 0.075
3 0.4796875 0.140625 0.0125 0.04375
3 0.13671875 0.328125 0.0140625 0.075
2 0.18984375 0.103125 0.0265625 0.0390625
2 0.37265625 0.2296875 0.04375 0.0828125
2 0.4953125 0.25 0.0515625 0.0984375
2 0.428125 0.209375 0.040625 0.0671875
2 0.46015625 0.18125 0.0390625 0.0609375
2 0.4 0.16796875 0.0390625 0.0578125
2 0.35234375 0.1765625 0.034375 0.0609375
2 0.42890625 0.1234375 0.040625 0.05625
2 0.34140625 0.13828125 0.025 0.0390625
2 0.37734375 0.11640625 0.034375 0.0625
4 0.3953125 0.0609375 0.03125 0.0703125
2 0.33671875 0.1046875 0.0234375 0.03125
3 0.31875 0.12265625 0.009375 0.0515625
2 0.3546875 0.06953125 0.021875 0.034375
2 0.3265625 0.084375 0.021875 0.03125
2 0.34765625 0.04921875 0.0203125 0.0265625
2 0.37265625 0.04296875 0.0171875 0.0265625
2 0.3390625 0.02734375 0.0171875 0.0296875