3 0.0578125 0.60703125 0.021875 0.090625
2 0.60234375 0.55859375 0.0859375 0.146875
2 0.33203125 0.428125 0.1140625 0.1015625
2 0.59140625 0.36875 0.053125 0.1078125
2 0.55546875 0.2765625 0.04375 0.0828125
2 0.52265625 0.24296875 0.034375 0.0703125
2 0.62734375 0.2203125 0.04375 0.0703125
2 0.58984375 0.19140625 0.0390625 0.0609375
3 0.54453125 0.18046875 0.0140625 0.0453125
2 0.56640625 0.1421875 0.0390625 0.0484375
2 0.64921875 0.1734375 0.034375 0.0609375
2 0.6140625 0.1296875 0.028125 0.0484375
2 0.66953125 0.09609375 0.025 0.0375
2 0.6359375 0.0875 0.028125 0.040625
2 0.640625 0.05625 0.025 0.0296875
2 0.67890625 0.0578125 0.0171875 0.03125
2 0.75703125 0.07109375 0.0203125 0.0390625
2 0.81015625 0.103125 0.021875 0.0359375
4 0.76328125 0.025 0.034375 0.0484375