2 0.71015625 0.75390625 0.146875 0.2265625
3 0.578125 0.5484375 0.03125 0.134375
2 0.64296875 0.44921875 0.0703125 0.1453125
3 0.65 0.28359375 0.0125 0.0703125
2 0.53125 0.36796875 0.053125 0.1375
2 0.609375 0.27421875 0.0453125 0.075
2 0.64296875 0.1859375 0.0390625 0.0625
2 0.5953125 0.16953125 0.0390625 0.0609375
3 0.853125 0.19921875 0.0125 0.0578125
2 0.80859375 0.0984375 0.021875 0.0390625
3 0.71484375 0.109375 0.0125 0.0453125
3 0.43359375 0.25859375 0.0125 0.0578125
2 0.62265625 0.11796875 0.028125 0.05625
2 0.640625 0.08046875 0.0265625 0.04375
2 0.65390625 0.04453125 0.0265625 0.04375
3 0.63359375 0.0296875 0.0078125 0.0328125
2 0.68359375 0.0578125 0.021875 0.0484375