2 0.44453125 0.5375 0.075 0.1515625
2 0.146875 0.69375 0.146875 0.2
2 0.9234375 0.44140625 0.1078125 0.09375
2 0.44140625 0.3484375 0.0484375 0.103125
2 0.49765625 0.25703125 0.0484375 0.0796875
3 0.47734375 0.19921875 0.009375 0.040625
2 0.39453125 0.2828125 0.0390625 0.0875
2 0.41796875 0.2296875 0.0359375 0.0671875
2 0.4328125 0.1875 0.03125 0.0625
2 0.36171875 0.19140625 0.034375 0.0609375
2 0.390625 0.15 0.034375 0.05625
2 0.40390625 0.08671875 0.034375 0.0515625
2 0.3375 0.12265625 0.03125 0.0484375
2 0.36875 0.09140625 0.028125 0.0484375
2 0.3484375 0.05390625 0.0203125 0.0359375
4 0.32421875 0.0828125 0.0296875 0.0625
2 0.1890625 0.10234375 0.021875 0.0359375
3 0.12890625 0.2828125 0.0203125 0.0796875