2 0.55546875 0.5375 0.075 0.1515625
2 0.853125 0.69375 0.146875 0.2
2 0.0765625 0.44140625 0.1078125 0.09375
2 0.55859375 0.3484375 0.0484375 0.103125
2 0.50234375 0.25703125 0.0484375 0.0796875
3 0.52265625 0.19921875 0.009375 0.040625
2 0.60546875 0.2828125 0.0390625 0.0875
2 0.58203125 0.2296875 0.0359375 0.0671875
2 0.5671875 0.1875 0.03125 0.0625
2 0.63828125 0.19140625 0.034375 0.0609375
2 0.609375 0.15 0.034375 0.05625
2 0.59609375 0.08671875 0.034375 0.0515625
2 0.6625 0.12265625 0.03125 0.0484375
2 0.63125 0.09140625 0.028125 0.0484375
2 0.6515625 0.05390625 0.0203125 0.0359375
4 0.67578125 0.0828125 0.0296875 0.0625
2 0.8109375 0.10234375 0.021875 0.0359375
3 0.87109375 0.2828125 0.0203125 0.0796875