3 0.3390625 0.240625 0.0140625 0.0609375
3 0.30625 0.23203125 0.0171875 0.0625
3 0.27421875 0.1921875 0.0171875 0.0609375
2 0.1890625 0.10078125 0.025 0.03125
2 0.47109375 0.20546875 0.0390625 0.0625
2 0.41796875 0.2125 0.040625 0.0625
2 0.36640625 0.2015625 0.034375 0.071875
3 0.43984375 0.16328125 0.0171875 0.0609375
2 0.39921875 0.16328125 0.028125 0.05625
4 0.35078125 0.13125 0.040625 0.096875
2 0.37734375 0.10546875 0.0265625 0.05625
2 0.35546875 0.06484375 0.0296875 0.053125
2 0.32421875 0.07421875 0.025 0.0484375
2 0.3109375 0.046875 0.021875 0.03125