2 0.62890625 0.69609375 0.1015625 0.2046875
2 0.765625 0.5984375 0.1375 0.16875
2 0.5375 0.4640625 0.0625 0.134375
2 0.521875 0.30390625 0.053125 0.096875
0 0.78359375 0.37109375 0.0453125 0.0796875
4 0.6078125 0.2234375 0.071875 0.19375
3 0.12109375 0.71875 0.0296875 0.125
3 0.04921875 0.73046875 0.03125 0.1234375
3 0.41015625 0.32578125 0.0140625 0.0671875
3 0.4203125 0.31640625 0.009375 0.084375
3 0.453125 0.24375 0.0125 0.0578125
3 0.47265625 0.196875 0.0125 0.0484375
0 0.68125 0.30546875 0.0359375 0.075
2 0.81015625 0.10078125 0.025 0.0390625
2 0.56953125 0.20078125 0.0203125 0.0609375
2 0.65234375 0.16796875 0.025 0.0515625
2 0.609375 0.11328125 0.0296875 0.0296875
2 0.65390625 0.11875 0.0265625 0.04375
2 0.6 0.084375 0.0296875 0.034375
3 0.61328125 0.05546875 0.0078125 0.034375
3 0.65625 0.06015625 0.009375 0.04375
2 0.66953125 0.084375 0.0234375 0.0375
2 0.6359375 0.0875 0.0265625 0.040625
3 0.64453125 0.0140625 0.0078125 0.0265625
2 0.66015625 0.03515625 0.0203125 0.0359375
2 0.6890625 0.0484375 0.0203125 0.0328125
3 0.53359375 0.10546875 0.0078125 0.0453125
3 0.59375 0.0421875 0.0078125 0.0390625