2 0.6546875 0.7515625 0.121875 0.2140625
2 0.94140625 0.77265625 0.115625 0.2140625
2 0.68125 0.46640625 0.084375 0.1203125
3 0.734375 0.2015625 0.0125 0.0609375
3 0.821875 0.18515625 0.0171875 0.0578125
3 0.5 0.18125 0.0125 0.05625
2 0.81015625 0.10078125 0.025 0.040625
2 0.53828125 0.30625 0.053125 0.0890625
3 0.67421875 0.24140625 0.0125 0.0625
2 0.6390625 0.17890625 0.034375 0.075
2 0.60546875 0.15859375 0.0296875 0.0515625
2 0.5578125 0.1578125 0.0390625 0.0578125
3 0.58984375 0.10078125 0.0140625 0.0546875
2 0.6296875 0.0984375 0.0265625 0.040625
2 0.67890625 0.0625 0.021875 0.0515625
2 0.66015625 0.015625 0.0203125 0.0296875
3 0.59765625 0.03125 0.009375 0.0359375