2 0.79296875 0.7234375 0.1375 0.1953125
0 0.4390625 0.3421875 0.0390625 0.0828125
3 0.5890625 0.30625 0.0234375 0.071875
3 0.48203125 0.2796875 0.0140625 0.0625
3 0.46875 0.196875 0.0140625 0.0578125
3 0.728125 0.11640625 0.0125 0.0484375
3 0.74140625 0.11640625 0.0125 0.0484375
2 0.81015625 0.09765625 0.0265625 0.0359375
2 0.584375 0.196875 0.0390625 0.0609375
2 0.6359375 0.1984375 0.0359375 0.0671875
2 0.60234375 0.1546875 0.0390625 0.0625
2 0.646875 0.15234375 0.0390625 0.0609375
2 0.6203125 0.11328125 0.03125 0.040625
2 0.65625 0.11640625 0.0265625 0.0390625
2 0.640625 0.07421875 0.0265625 0.040625
2 0.671875 0.084375 0.0296875 0.04375
2 0.640625 0.03828125 0.0265625 0.0359375
2 0.68125 0.053125 0.0203125 0.0359375