4 0.71015625 0.81640625 0.2671875 0.365625
2 0.65390625 0.515625 0.0890625 0.15625
3 0.51328125 0.60234375 0.03125 0.1421875
3 0.45703125 0.51953125 0.0296875 0.128125
3 0.53515625 0.45703125 0.0265625 0.1078125
3 0.50703125 0.40234375 0.021875 0.10625
2 0.59609375 0.3078125 0.053125 0.0984375
2 0.5359375 0.2875 0.0546875 0.0875
2 0.6359375 0.1828125 0.0390625 0.0765625
3 0.67578125 0.24140625 0.0078125 0.0609375
2 0.62109375 0.09765625 0.0296875 0.04375
2 0.65625 0.1359375 0.0296875 0.05625
2 0.66796875 0.0828125 0.025 0.0453125
2 0.68515625 0.05078125 0.0203125 0.0453125
2 0.8125 0.0984375 0.025 0.040625
3 0.03515625 0.33046875 0.0140625 0.0546875