2 0.75859375 0.890625 0.178125 0.2171875
2 0.571875 0.5953125 0.1078125 0.2
2 0.71171875 0.603125 0.1203125 0.16875
2 0.525 0.334375 0.0515625 0.10625
4 0.4484375 0.3375 0.0703125 0.1171875
2 0.62734375 0.209375 0.0390625 0.0671875
2 0.603125 0.15234375 0.0359375 0.053125
4 0.6453125 0.15 0.0484375 0.096875
2 0.6296875 0.0984375 0.0265625 0.0484375
3 0.65859375 0.0875 0.0125 0.0359375
2 0.678125 0.0609375 0.021875 0.0484375
2 0.81015625 0.0984375 0.021875 0.034375
1 0.03984375 0.86171875 0.0796875 0.275
3 0.5765625 0.0578125 0.009375 0.0390625
3 0.5625 0.08046875 0.0125 0.0546875
2 0.6625 0.0265625 0.0171875 0.03125
3 0.6984375 0.109375 0.009375 0.0453125