2 0.6765625 0.69140625 0.1421875 0.2
3 0.30625 0.5265625 0.0203125 0.096875
3 0.47109375 0.21171875 0.0125 0.0671875
2 0.45546875 0.509375 0.0625 0.1390625
2 0.68984375 0.49765625 0.096875 0.134375
3 0.484375 0.375 0.025 0.0921875
2 0.5484375 0.39921875 0.0515625 0.1234375
3 0.69375 0.21640625 0.0171875 0.0625
2 0.6046875 0.3109375 0.0515625 0.0890625
3 0.5765625 0.24140625 0.0171875 0.0765625
2 0.63359375 0.19921875 0.0390625 0.0796875
2 0.59140625 0.1875 0.0390625 0.065625
3 0.62265625 0.14453125 0.0125 0.0484375
2 0.8125 0.103125 0.025 0.040625
2 0.66015625 0.12734375 0.0390625 0.075
2 0.6234375 0.1046875 0.025 0.04375
2 0.6515625 0.046875 0.028125 0.04375
2 0.6875 0.05078125 0.021875 0.04375