2 0.7765625 0.73203125 0.128125 0.2140625
2 0.6234375 0.47578125 0.075 0.125
4 0.8140625 0.12890625 0.05625 0.0625
2 0.56953125 0.3578125 0.0515625 0.1078125
2 0.52890625 0.28984375 0.0484375 0.0875
2 0.60703125 0.27421875 0.0453125 0.075
2 0.5828125 0.1875 0.04375 0.0796875
2 0.63671875 0.19609375 0.034375 0.0609375
3 0.515625 0.15 0.0125 0.0609375
2 0.6109375 0.13359375 0.028125 0.05625
2 0.65625 0.134375 0.034375 0.0671875
2 0.6421875 0.06640625 0.025 0.0453125
2 0.671875 0.0890625 0.0265625 0.040625