2 0.80859375 0.10234375 0.025 0.0359375
3 0.81015625 0.11796875 0.0125 0.0359375
2 0.66328125 0.01171875 0.0203125 0.021875
2 0.61640625 0.1390625 0.0265625 0.0515625
2 0.65234375 0.16015625 0.0265625 0.05625
2 0.5953125 0.1671875 0.0390625 0.0609375
2 0.5375 0.19453125 0.0390625 0.0625
2 0.58203125 0.2171875 0.0390625 0.0671875
0 0.40390625 0.3546875 0.021875 0.0828125
2 0.64921875 0.05078125 0.0234375 0.0453125
3 0.7796875 0.07421875 0.0125 0.0359375
2 0.96640625 0.7859375 0.0625 0.1546875
2 0.67890625 0.08046875 0.0234375 0.04375
2 0.646875 0.86484375 0.15 0.2703125
2 0.63671875 0.0875 0.021875 0.0453125