3 0.12109375 0.77421875 0.0390625 0.1234375
3 0.4828125 0.2765625 0.021875 0.0671875
3 0.6265625 0.31875 0.0203125 0.075
3 0.58984375 0.2875 0.0203125 0.075
2 0.578125 0.2234375 0.0390625 0.0640625
2 0.6265625 0.2328125 0.040625 0.071875
2 0.5921875 0.17578125 0.034375 0.0515625
2 0.6390625 0.1859375 0.034375 0.0578125
2 0.61171875 0.14453125 0.034375 0.0515625
2 0.65625 0.1453125 0.0296875 0.0453125
2 0.6234375 0.1140625 0.028125 0.04375
2 0.60234375 0.078125 0.028125 0.0484375
2 0.66484375 0.109375 0.028125 0.0390625
2 0.671875 0.084375 0.0265625 0.0453125
2 0.67890625 0.0625 0.0265625 0.040625
2 0.63125 0.0875 0.0265625 0.0359375
2 0.64453125 0.05859375 0.0265625 0.04375
2 0.6515625 0.0421875 0.0171875 0.0328125
2 0.61640625 0.05859375 0.021875 0.03125
2 0.625 0.04296875 0.021875 0.03125
2 0.64453125 0.01328125 0.025 0.025
2 0.6609375 0.025 0.0140625 0.03125
2 0.81015625 0.10078125 0.021875 0.0359375