2 0.04921875 0.80859375 0.09375 0.2140625
2 0.28125 0.55390625 0.103125 0.1515625
2 0.39296875 0.38828125 0.05625 0.1265625
2 0.4734375 0.35703125 0.0484375 0.0984375
0 0.3421875 0.30390625 0.0390625 0.075
2 0.42578125 0.21875 0.040625 0.065625
2 0.37890625 0.24140625 0.040625 0.0671875
2 0.34765625 0.146875 0.03125 0.05625
2 0.37890625 0.11796875 0.0390625 0.05625
3 0.3140625 0.16015625 0.009375 0.0625
3 0.36171875 0.08515625 0.009375 0.0359375
2 0.33046875 0.0984375 0.028125 0.0453125
3 0.2390625 0.125 0.0125 0.053125
2 0.19140625 0.0984375 0.0265625 0.0390625
3 0.1890625 0.115625 0.0140625 0.034375
2 0.31953125 0.04921875 0.0203125 0.034375
2 0.34140625 0.0359375 0.021875 0.0296875
2 0.2453125 0.021875 0.0203125 0.03125