2 0.665625 0.7046875 0.11875 0.215625
2 0.890625 0.88828125 0.1640625 0.2234375
2 0.5421875 0.43515625 0.0625 0.1265625
4 0.6078125 0.25390625 0.0703125 0.1453125
2 0.55625 0.22109375 0.0390625 0.0671875
2 0.6390625 0.1875 0.028125 0.0703125
3 0.6984375 0.16328125 0.0140625 0.05625
2 0.634375 0.07421875 0.028125 0.053125
2 0.665625 0.0921875 0.0265625 0.04375
2 0.68125 0.04921875 0.0171875 0.040625
2 0.66328125 0.01953125 0.0171875 0.0359375
2 0.75859375 0.10078125 0.03125 0.0484375
2 0.80859375 0.10078125 0.0203125 0.0390625
3 0.9265625 0.28125 0.0140625 0.065625