2 0.65 0.4828125 0.090625 0.15625
2 0.54296875 0.40234375 0.05625 0.1234375
2 0.44453125 0.35234375 0.0765625 0.0890625
3 0.12265625 0.46015625 0.05625 0.084375
3 0.03515625 0.43046875 0.0171875 0.084375
3 0.2203125 0.31875 0.0203125 0.0859375
3 0.90234375 0.2703125 0.0203125 0.0703125
2 0.8109375 0.10234375 0.025 0.0390625
2 0.625 0.24140625 0.04375 0.0671875
2 0.56640625 0.23828125 0.04375 0.075
2 0.540625 0.18046875 0.0390625 0.0609375
2 0.59140625 0.17421875 0.0390625 0.0578125
3 0.6109375 0.20546875 0.0140625 0.053125
2 0.64765625 0.16796875 0.034375 0.05625
2 0.5796875 0.12109375 0.028125 0.0390625
3 0.5796875 0.08671875 0.009375 0.021875
3 0.46484375 0.19375 0.0125 0.0484375
2 0.6609375 0.1265625 0.028125 0.0390625
3 0.7125 0.1109375 0.0078125 0.0453125
2 0.6671875 0.0921875 0.0234375 0.034375
2 0.625 0.1046875 0.0296875 0.04375
2 0.6421875 0.07421875 0.028125 0.04375
2 0.68046875 0.0765625 0.021875 0.0390625
2 0.67578125 0.04921875 0.0171875 0.0265625
2 0.6546875 0.03828125 0.021875 0.03125
3 0.52734375 0.1296875 0.0078125 0.0484375