2 0.26015625 0.90703125 0.1421875 0.1859375
2 0.4171875 0.81484375 0.115625 0.2390625
2 0.3015625 0.61796875 0.1375 0.1765625
3 0.6265625 0.30078125 0.0125 0.05625
0 0.453125 0.33203125 0.03125 0.0828125
2 0.4171875 0.2078125 0.034375 0.0640625
2 0.35546875 0.19140625 0.0390625 0.05625
2 0.39765625 0.16015625 0.034375 0.053125
2 0.34140625 0.13359375 0.0296875 0.053125
2 0.37890625 0.11640625 0.0296875 0.0453125
2 0.39765625 0.084375 0.025 0.0375
2 0.33046875 0.1046875 0.0265625 0.0359375
2 0.3609375 0.07578125 0.0265625 0.0390625
2 0.328125 0.0765625 0.025 0.04375
2 0.3375 0.0328125 0.0203125 0.034375
2 0.18984375 0.10078125 0.025 0.0359375