4 0.80546875 0.13203125 0.0828125 0.0640625
2 0.91796875 0.90859375 0.1515625 0.1828125
2 0.7390625 0.55390625 0.1453125 0.1921875
2 0.5296875 0.478125 0.0671875 0.1375
2 0.525 0.32421875 0.05625 0.1109375
2 0.60546875 0.30859375 0.065625 0.1734375
3 0.60234375 0.1921875 0.0140625 0.0609375
2 0.6046875 0.1515625 0.0390625 0.0515625
2 0.64296875 0.1765625 0.03125 0.0609375
3 0.66328125 0.28828125 0.0125 0.071875
2 0.66015625 0.12265625 0.03125 0.05625
2 0.640625 0.07421875 0.0296875 0.0453125
2 0.671875 0.0875 0.025 0.040625
3 0.7125 0.1078125 0.0078125 0.0484375
3 0.415625 0.31875 0.0171875 0.0765625
2 0.65234375 0.0453125 0.0203125 0.0359375
2 0.68125 0.05390625 0.0203125 0.040625
3 0.20078125 0.83671875 0.0453125 0.1390625