2 0.25859375 0.8953125 0.1453125 0.209375
3 0.4 0.72265625 0.0390625 0.165625
2 0.28515625 0.56015625 0.1078125 0.159375
2 0.45703125 0.4515625 0.065625 0.1390625
3 0.46875 0.33984375 0.0171875 0.0890625
2 0.3921875 0.34609375 0.053125 0.11875
3 0.3390625 0.2953125 0.0125 0.0609375
2 0.44453125 0.271875 0.04375 0.0875
2 0.43125 0.20546875 0.0390625 0.0625
2 0.37265625 0.1875 0.040625 0.0796875
3 0.47734375 0.15234375 0.0125 0.0609375
2 0.3328125 0.10546875 0.03125 0.0484375
2 0.3484375 0.04453125 0.0234375 0.0390625
2 0.32109375 0.05390625 0.0203125 0.04375
2 0.1890625 0.1046875 0.025 0.0359375
3 0.275 0.1359375 0.0125 0.0515625
0 0.2921875 0.11328125 0.0234375 0.0453125