2 0.16328125 0.93359375 0.1296875 0.1296875
3 0.359375 0.7921875 0.0484375 0.1703125
2 0.209375 0.62734375 0.146875 0.184375
2 0.4640625 0.44921875 0.065625 0.1328125
2 0.40625 0.3265625 0.0453125 0.09375
2 0.459375 0.27890625 0.0515625 0.0875
0 0.3453125 0.30625 0.0390625 0.0890625
3 0.240625 0.05078125 0.0078125 0.03125
2 0.19140625 0.09765625 0.021875 0.0390625
3 0.1875 0.11328125 0.0140625 0.0296875
2 0.36796875 0.22578125 0.0390625 0.065625
2 0.4109375 0.1765625 0.0359375 0.053125
2 0.3546875 0.15625 0.03125 0.053125
3 0.3109375 0.16328125 0.0125 0.0578125
2 0.3734375 0.0984375 0.0328125 0.0484375
2 0.33515625 0.10546875 0.0296875 0.0484375
2 0.34765625 0.05078125 0.0296875 0.0484375
2 0.32109375 0.0640625 0.021875 0.0375
3 0.96875 0.35234375 0.0125 0.0625