3 0.93984375 0.3953125 0.0203125 0.0828125
3 0.31875 0.2859375 0.0125 0.0671875
2 0.178125 0.81640625 0.1515625 0.253125
2 0.4109375 0.69375 0.1390625 0.2546875
4 0.46484375 0.4625 0.0921875 0.2234375
2 0.35703125 0.4734375 0.0875 0.1453125
2 0.3859375 0.3484375 0.0484375 0.1109375
4 0.38203125 0.21171875 0.0671875 0.1515625
2 0.4375 0.2140625 0.0484375 0.0703125
4 0.4046875 0.1078125 0.05625 0.1078125
2 0.3578125 0.071875 0.025 0.0390625
2 0.33046875 0.08984375 0.0265625 0.0484375
2 0.18984375 0.10078125 0.025 0.0390625
3 0.3609375 0.046875 0.009375 0.025
2 0.34140625 0.01953125 0.025 0.03125
2 0.31875 0.03984375 0.021875 0.0359375
3 0.71875 0.3421875 0.0171875 0.0671875