3 0.384375 0.6828125 0.040625 0.1453125
3 0.48203125 0.60703125 0.03125 0.128125
3 0.33515625 0.58046875 0.034375 0.125
2 0.34765625 0.44453125 0.0828125 0.1296875
0 0.58984375 0.37109375 0.0171875 0.10625
3 0.7921875 0.86328125 0.0390625 0.1234375
2 0.1890625 0.103125 0.0265625 0.034375
2 0.46171875 0.31875 0.0484375 0.0953125
2 0.49765625 0.2453125 0.04375 0.0765625
2 0.37890625 0.2453125 0.04375 0.09375
2 0.421875 0.21171875 0.0390625 0.0671875
2 0.45546875 0.17890625 0.0359375 0.05625
2 0.34765625 0.15234375 0.03125 0.0515625
2 0.3890625 0.15 0.0296875 0.0484375
2 0.42890625 0.1390625 0.0296875 0.0515625
2 0.40234375 0.08671875 0.025 0.040625
2 0.375 0.1046875 0.021875 0.0359375
2 0.33671875 0.0984375 0.021875 0.0484375
2 0.36640625 0.0734375 0.0265625 0.0359375
2 0.3484375 0.0421875 0.0203125 0.0328125
2 0.3234375 0.06875 0.021875 0.0375