3 0.7078125 0.30859375 0.0125 0.071875
3 0.69140625 0.32578125 0.0203125 0.075
3 0.68125 0.31875 0.0171875 0.0671875
0 0.6140625 0.3578125 0.0359375 0.0875
2 0.271875 0.5203125 0.1109375 0.1390625
2 0.459375 0.44921875 0.065625 0.1515625
2 0.39453125 0.32109375 0.0484375 0.1078125
2 0.44921875 0.265625 0.0484375 0.075
2 0.3734375 0.2359375 0.04375 0.075
3 0.3328125 0.2765625 0.0125 0.065625
2 0.3703125 0.16953125 0.0359375 0.0625
2 0.3453125 0.1265625 0.0328125 0.0609375
2 0.375 0.1078125 0.03125 0.0515625
2 0.3546875 0.06484375 0.0265625 0.0359375
2 0.3265625 0.08046875 0.03125 0.04375
2 0.3390625 0.03125 0.0171875 0.03125
2 0.3109375 0.03828125 0.0203125 0.03125
2 0.18984375 0.0984375 0.0265625 0.040625