2 0.26796875 0.78828125 0.1640625 0.2234375
2 0.290625 0.54921875 0.1109375 0.146875
2 0.50703125 0.515625 0.071875 0.1421875
3 0.375 0.43125 0.0296875 0.0984375
2 0.53125 0.37265625 0.0515625 0.0953125
2 0.3890625 0.31015625 0.0453125 0.10625
4 0.45546875 0.28984375 0.0609375 0.1015625
3 0.3453125 0.28828125 0.0140625 0.0671875
3 0.33046875 0.25625 0.0140625 0.0671875
2 0.4234375 0.21484375 0.04375 0.065625
2 0.3578125 0.1609375 0.0328125 0.0625
2 0.39296875 0.071875 0.0296875 0.0453125
2 0.3328125 0.08671875 0.0296875 0.040625
3 0.3546875 0.0828125 0.009375 0.0484375
3 0.34609375 0.053125 0.0078125 0.0296875
3 0.3375 0.0328125 0.009375 0.0359375
2 0.3546875 0.02265625 0.0203125 0.034375
2 0.31640625 0.05078125 0.025 0.0359375
3 0.4 0.03125 0.0078125 0.04375
2 0.1890625 0.1 0.021875 0.03125
3 0.140625 0.18984375 0.009375 0.053125
3 0.12890625 0.19921875 0.0125 0.0515625
3 0.09765625 0.2484375 0.009375 0.0671875