2 0.53984375 0.603125 0.0875 0.184375
3 0.69375 0.6671875 0.04375 0.146875
2 0.859375 0.66484375 0.1390625 0.1796875
2 0.62109375 0.3703125 0.05625 0.1078125
2 0.5265625 0.37734375 0.0609375 0.128125
2 0.484375 0.2953125 0.0515625 0.0953125
3 0.35 0.31953125 0.0140625 0.075
2 0.62890625 0.2203125 0.04375 0.0703125
2 0.81015625 0.10078125 0.021875 0.0359375
3 0.70078125 0.1359375 0.0140625 0.0453125
2 0.5671875 0.2171875 0.04375 0.075
2 0.5421875 0.18125 0.034375 0.0609375
3 0.54921875 0.1390625 0.0125 0.0265625
2 0.64765625 0.1546875 0.034375 0.0515625
2 0.6203125 0.13125 0.034375 0.0578125
2 0.634375 0.0890625 0.0296875 0.0390625
2 0.665625 0.1140625 0.0265625 0.040625
2 0.6734375 0.0671875 0.021875 0.0390625
2 0.64453125 0.053125 0.021875 0.0359375
2 0.62265625 0.0421875 0.021875 0.03125
2 0.6578125 0.0265625 0.0171875 0.034375
2 0.68359375 0.0359375 0.0203125 0.0296875
2 0.63828125 0.0140625 0.0203125 0.028125