2 0.921875 0.79296875 0.1515625 0.221875
2 0.65 0.4734375 0.0828125 0.1453125
2 0.80859375 0.103125 0.021875 0.04375
3 0.24609375 0.334375 0.0203125 0.0703125
3 0.26328125 0.3265625 0.0203125 0.0703125
3 0.48203125 0.25859375 0.0265625 0.0671875
3 0.6609375 0.22109375 0.0125 0.0578125
3 0.52265625 0.1390625 0.0125 0.05625
2 0.6359375 0.1890625 0.0390625 0.0625
2 0.5953125 0.146875 0.03125 0.05625
2 0.6359375 0.0875 0.028125 0.0484375
2 0.68125 0.0609375 0.025 0.0515625
2 0.6578125 0.0296875 0.0203125 0.0390625
3 0.63828125 0.021875 0.0078125 0.0328125