2 0.6828125 0.94375 0.125 0.1109375
2 0.72578125 0.57421875 0.1484375 0.1859375
2 0.53515625 0.57421875 0.0875 0.1765625
2 0.62265625 0.39765625 0.059375 0.115625
3 0.3296875 0.37734375 0.0171875 0.0890625
3 0.46875 0.21640625 0.0140625 0.0671875
2 0.47578125 0.3140625 0.05625 0.0796875
3 0.696875 0.17890625 0.0203125 0.05625
2 0.54453125 0.3453125 0.0515625 0.09375
2 0.6109375 0.2765625 0.0453125 0.0828125
2 0.56875 0.2359375 0.04375 0.065625
2 0.5609375 0.1546875 0.028125 0.0453125
2 0.60234375 0.16328125 0.028125 0.0515625
3 0.603125 0.103125 0.0125 0.040625
2 0.6421875 0.18515625 0.028125 0.053125
2 0.665625 0.1078125 0.03125 0.05625
2 0.63359375 0.0921875 0.028125 0.0484375
2 0.65234375 0.046875 0.0203125 0.0390625
2 0.67421875 0.06015625 0.03125 0.0515625
3 0.6390625 0.03828125 0.0125 0.04375
2 0.8078125 0.10078125 0.0203125 0.0390625