2 0.63359375 0.90859375 0.1453125 0.1828125
2 0.63671875 0.671875 0.1234375 0.23125
2 0.66484375 0.49296875 0.0859375 0.1296875
2 0.5453125 0.45078125 0.059375 0.128125
2 0.603125 0.31484375 0.04375 0.084375
2 0.5359375 0.3125 0.053125 0.0828125
2 0.47578125 0.28828125 0.0484375 0.0828125
3 0.634375 0.25859375 0.0140625 0.071875
0 0.71875 0.32578125 0.0453125 0.071875
2 0.634375 0.19921875 0.0390625 0.0625
2 0.578125 0.1984375 0.04375 0.075
2 0.5625 0.134375 0.0359375 0.0515625
2 0.609375 0.140625 0.034375 0.0484375
2 0.6546875 0.1421875 0.0265625 0.0515625
2 0.62734375 0.08984375 0.025 0.0453125
2 0.6671875 0.10234375 0.0234375 0.04375
2 0.6515625 0.053125 0.0234375 0.0359375
2 0.665625 0.02421875 0.0171875 0.0265625
2 0.68046875 0.0734375 0.0203125 0.0390625
3 0.88125 0.38671875 0.021875 0.0828125
3 0.88359375 0.38125 0.0296875 0.0984375
3 0.9890625 0.37734375 0.0171875 0.0828125
3 0.86328125 0.2171875 0.009375 0.0515625
3 0.8796875 0.228125 0.0140625 0.0578125
3 0.7984375 0.14453125 0.0140625 0.040625
2 0.81015625 0.1 0.025 0.034375
3 0.7140625 0.09765625 0.009375 0.04375