2 0.70546875 0.4984375 0.1078125 0.146875
2 0.5484375 0.4671875 0.09375 0.2515625
3 0.6265625 0.3609375 0.021875 0.0921875
2 0.615625 0.2546875 0.0484375 0.071875
4 0.53984375 0.209375 0.0703125 0.1421875
3 0.59765625 0.209375 0.0125 0.0671875
2 0.64296875 0.16953125 0.03125 0.0703125
2 0.6625 0.103125 0.028125 0.0484375
3 0.5828125 0.13125 0.0125 0.053125
3 0.5828125 0.0953125 0.0125 0.034375
3 0.6265625 0.0984375 0.0125 0.0453125
3 0.63125 0.078125 0.0078125 0.0390625
3 0.6921875 0.09609375 0.0125 0.0453125
3 0.67578125 0.24140625 0.0125 0.0625
2 0.6296875 0.040625 0.0234375 0.0359375
2 0.68359375 0.0515625 0.021875 0.0484375
2 0.81015625 0.10078125 0.021875 0.034375