2 0.29296875 0.8328125 0.15 0.271875
2 0.07265625 0.7046875 0.1453125 0.196875
2 0.4265625 0.5046875 0.075 0.1328125
2 0.33671875 0.40859375 0.0796875 0.15625
3 0.4328125 0.3640625 0.021875 0.0859375
2 0.63828125 0.4015625 0.134375 0.1234375
2 0.515625 0.30078125 0.05625 0.084375
2 0.44140625 0.265625 0.0515625 0.084375
2 0.37109375 0.21640625 0.0390625 0.075
2 0.41328125 0.18046875 0.040625 0.0640625
2 0.3421875 0.13828125 0.03125 0.0515625
2 0.38125 0.1234375 0.0359375 0.0515625
2 0.3953125 0.07109375 0.0265625 0.034375
2 0.36171875 0.071875 0.0265625 0.0453125
2 0.3453125 0.03828125 0.0203125 0.0265625
2 0.32421875 0.0828125 0.0265625 0.040625
3 0.3234375 0.10703125 0.0078125 0.040625
2 0.3171875 0.05078125 0.021875 0.0390625
2 0.36640625 0.02890625 0.021875 0.034375
0 0.0953125 0.36171875 0.0484375 0.071875
2 0.0921875 0.2703125 0.0125 0.0671875
2 0.1890625 0.1 0.021875 0.0375