3 0.546875 0.6140625 0.0359375 0.1375
3 0.65859375 0.44921875 0.03125 0.1015625
3 0.77890625 0.51796875 0.0453125 0.125
2 0.603125 0.28515625 0.0484375 0.084375
2 0.54921875 0.28515625 0.040625 0.075
2 0.52265625 0.2234375 0.0359375 0.0671875
2 0.5875 0.19609375 0.0390625 0.0609375
2 0.634375 0.2046875 0.0359375 0.0625
2 0.6078125 0.1421875 0.034375 0.053125
2 0.65234375 0.125 0.0296875 0.0515625
2 0.62734375 0.10703125 0.021875 0.0359375
2 0.634375 0.07578125 0.021875 0.034375
2 0.6765625 0.084375 0.021875 0.0375
2 0.6828125 0.0578125 0.021875 0.03125
2 0.6578125 0.03828125 0.025 0.0453125
3 0.6 0.09375 0.009375 0.0390625
3 0.63828125 0.021875 0.009375 0.0359375
2 0.81015625 0.09765625 0.021875 0.0296875
3 0.5171875 0.1421875 0.0125 0.0484375
3 0.51171875 0.14296875 0.0125 0.053125
3 0.5328125 0.115625 0.0078125 0.0453125
3 0.1828125 0.25 0.0140625 0.0578125