2 0.56953125 0.51328125 0.0703125 0.1328125
2 0.6453125 0.46171875 0.0765625 0.13125
2 0.53359375 0.37734375 0.053125 0.1015625
2 0.4859375 0.30859375 0.0484375 0.0828125
2 0.6078125 0.32421875 0.0453125 0.1203125
2 0.56640625 0.24609375 0.04375 0.075
0 0.6625 0.30390625 0.040625 0.0796875
2 0.60234375 0.16953125 0.034375 0.0609375
2 0.6515625 0.17421875 0.028125 0.0578125
2 0.62109375 0.12265625 0.03125 0.05625
2 0.6625 0.115625 0.025 0.0484375
2 0.64453125 0.06640625 0.0265625 0.0359375
2 0.678125 0.07578125 0.0265625 0.0453125
2 0.66796875 0.01953125 0.0171875 0.034375
3 0.25234375 0.36328125 0.0125 0.0703125
2 0.81015625 0.0984375 0.021875 0.03125