2 0.0765625 0.77265625 0.15 0.2578125
3 0.21484375 0.6046875 0.053125 0.128125
2 0.4234375 0.56484375 0.090625 0.1640625
2 0.38828125 0.3703125 0.0625 0.1203125
2 0.4984375 0.33984375 0.0515625 0.1078125
0 0.25234375 0.37109375 0.0484375 0.0921875
0 0.31953125 0.29921875 0.04375 0.075
3 0.08203125 0.28515625 0.0125 0.0609375
3 0.0671875 0.27734375 0.0140625 0.065625
3 0.03359375 0.37890625 0.0484375 0.084375
3 0.44140625 0.21875 0.0140625 0.071875
3 0.428125 0.178125 0.0125 0.053125
2 0.38125 0.234375 0.0515625 0.0875
2 0.3921875 0.15234375 0.034375 0.0515625
2 0.396875 0.19921875 0.028125 0.053125
2 0.34140625 0.1203125 0.03125 0.0671875
2 0.3765625 0.109375 0.0265625 0.0453125
3 0.390625 0.0875 0.009375 0.0484375
2 0.359375 0.0796875 0.0265625 0.040625
2 0.37734375 0.1109375 0.0265625 0.040625
2 0.31640625 0.0421875 0.0203125 0.0328125
3 0.43046875 0.06875 0.0078125 0.034375
2 0.3390625 0.0265625 0.0203125 0.0296875
2 0.1890625 0.10234375 0.025 0.040625