2 0.27890625 0.7390625 0.1421875 0.221875
2 0.07109375 0.725 0.1375 0.2234375
2 0.4203125 0.50234375 0.0765625 0.1453125
2 0.375 0.359375 0.0484375 0.115625
2 0.45078125 0.32109375 0.0453125 0.0765625
3 0.490625 0.4046875 0.025 0.09375
2 0.43125 0.23671875 0.0484375 0.071875
2 0.3640625 0.19140625 0.0390625 0.0609375
2 0.39296875 0.146875 0.034375 0.05625
2 0.33984375 0.109375 0.025 0.053125
2 0.37109375 0.0953125 0.0265625 0.05625
2 0.34375 0.0375 0.021875 0.040625
2 0.328125 0.07578125 0.0265625 0.0484375
3 0.68515625 0.3125 0.0171875 0.0703125
3 0.5953125 0.28515625 0.0171875 0.0703125
3 0.603125 0.2796875 0.0078125 0.0671875
0 0.615625 0.359375 0.03125 0.0875
3 0.39765625 0.084375 0.0125 0.0484375
2 0.18984375 0.0984375 0.021875 0.0359375