2 0.5984375 0.71640625 0.121875 0.215625
2 0.771875 0.61171875 0.125 0.165625
2 0.91015625 0.796875 0.1703125 0.2328125
0 0.64453125 0.37734375 0.0515625 0.0875
3 0.63828125 0.29453125 0.0140625 0.075
2 0.5734375 0.225 0.04375 0.0671875
2 0.634375 0.2140625 0.0390625 0.065625
2 0.59765625 0.1578125 0.040625 0.065625
2 0.64921875 0.16015625 0.028125 0.0515625
3 0.5734375 0.14296875 0.0125 0.053125
2 0.81015625 0.0984375 0.021875 0.0359375
2 0.6546875 0.11875 0.0265625 0.0484375
2 0.63203125 0.09375 0.028125 0.0453125
2 0.60546875 0.0765625 0.0296875 0.04375
3 0.66328125 0.0296875 0.009375 0.0390625
3 0.6609375 0.0734375 0.0140625 0.0484375
2 0.67421875 0.0890625 0.028125 0.0484375
2 0.67890625 0.04921875 0.0203125 0.0453125