2 0.70546875 0.775 0.1609375 0.2859375
2 0.740625 0.51953125 0.0984375 0.1421875
2 0.8125 0.10078125 0.0265625 0.0359375
2 0.61875 0.3703125 0.059375 0.103125
2 0.5296875 0.396875 0.059375 0.115625
2 0.553125 0.2671875 0.0515625 0.0875
2 0.6203125 0.2546875 0.04375 0.0796875
2 0.58046875 0.2078125 0.04375 0.0609375
2 0.55625 0.1671875 0.04375 0.0625
2 0.64453125 0.165625 0.040625 0.0703125
2 0.61875 0.11640625 0.03125 0.0609375
2 0.5828125 0.109375 0.0265625 0.0453125
2 0.6703125 0.0984375 0.034375 0.0515625
2 0.64296875 0.0625 0.025 0.0390625
2 0.66015625 0.0328125 0.021875 0.03125
2 0.6890625 0.0421875 0.0203125 0.0328125
3 0.98828125 0.32421875 0.0125 0.071875