2 0.73671875 0.740625 0.1640625 0.2234375
3 0.5421875 0.65390625 0.0453125 0.153125
2 0.7515625 0.571875 0.121875 0.159375
2 0.61640625 0.4234375 0.075 0.1234375
2 0.03359375 0.46484375 0.0625 0.09375
3 0.33515625 0.4078125 0.053125 0.0921875
3 0.3796875 0.31875 0.0140625 0.075
3 0.47109375 0.359375 0.0171875 0.084375
4 0.60546875 0.25859375 0.0703125 0.10625
2 0.54453125 0.28515625 0.0515625 0.084375
2 0.5953125 0.178125 0.0390625 0.05625
2 0.65390625 0.134375 0.03125 0.05625
2 0.6109375 0.1203125 0.03125 0.0546875
2 0.6359375 0.0828125 0.0265625 0.04375
2 0.66953125 0.0921875 0.021875 0.0375
2 0.6546875 0.046875 0.025 0.0390625
2 0.66484375 0.0171875 0.0203125 0.021875
2 0.68125 0.05859375 0.025 0.040625
2 0.80859375 0.10078125 0.021875 0.0359375
3 0.67578125 0.24609375 0.0140625 0.0578125