2 0.66796875 0.890625 0.146875 0.21875
2 0.7390625 0.6421875 0.1203125 0.2125
2 0.63125 0.42890625 0.075 0.1203125
2 0.296875 0.43984375 0.1296875 0.1140625
3 0.48828125 0.16328125 0.021875 0.0625
2 0.603125 0.30078125 0.0484375 0.0875
2 0.53828125 0.28515625 0.0484375 0.09375
2 0.63671875 0.2046875 0.040625 0.075
2 0.578125 0.19921875 0.04375 0.0671875
3 0.5875 0.14296875 0.0140625 0.04375
2 0.63828125 0.1421875 0.03125 0.053125
2 0.6140625 0.10078125 0.03125 0.0453125
2 0.6 0.07109375 0.025 0.0515625
2 0.665625 0.0984375 0.03125 0.0515625
2 0.6453125 0.06484375 0.021875 0.0375
2 0.68359375 0.053125 0.0265625 0.0390625
3 0.6 0.0265625 0.009375 0.021875
2 0.65390625 0.040625 0.0203125 0.034375
3 0.85546875 0.19609375 0.0125 0.053125
2 0.81015625 0.10078125 0.021875 0.0390625