3 0.2515625 0.54296875 0.025 0.1234375
2 0.8765625 0.72734375 0.16875 0.240625
2 0.53515625 0.4046875 0.05625 0.115625
2 0.609375 0.3609375 0.05625 0.10625
2 0.615625 0.21484375 0.040625 0.075
2 0.53125 0.19140625 0.04375 0.0609375
3 0.65390625 0.28828125 0.009375 0.065625
3 0.665625 0.25703125 0.0125 0.0671875
2 0.6578125 0.1234375 0.0296875 0.05625
2 0.640625 0.06640625 0.021875 0.0390625
2 0.81015625 0.09765625 0.025 0.040625
3 0.89765625 0.25625 0.0140625 0.0703125
3 0.5171875 0.1296875 0.0078125 0.0515625