4 0.6765625 0.75859375 0.159375 0.3921875
2 0.58671875 0.5046875 0.0875 0.190625
2 0.48671875 0.4640625 0.0625 0.1421875
2 0.43515625 0.359375 0.0796875 0.1078125
3 0.53984375 0.23046875 0.0125 0.075
2 0.6109375 0.26953125 0.0453125 0.0875
2 0.5875 0.19609375 0.04375 0.0671875
2 0.63671875 0.20546875 0.0359375 0.065625
0 0.8265625 0.22734375 0.0125 0.0671875
3 0.8640625 0.19140625 0.0140625 0.05625
2 0.81015625 0.1046875 0.025 0.0484375
2 0.60703125 0.13359375 0.0390625 0.0625
2 0.66328125 0.11875 0.0296875 0.0609375
2 0.64296875 0.0671875 0.0234375 0.04375
2 0.68125 0.06953125 0.021875 0.0390625
2 0.65859375 0.040625 0.0203125 0.0359375