2 0.23671875 0.92578125 0.1515625 0.146875
2 0.36875 0.63671875 0.0984375 0.178125
2 0.34140625 0.459375 0.0890625 0.1640625
0 0.3375 0.303125 0.04375 0.084375
3 0.06875 0.28515625 0.0171875 0.0625
3 0.959375 0.65234375 0.0265625 0.0984375
2 0.4734375 0.37109375 0.0453125 0.1109375
2 0.4 0.3375 0.0453125 0.09375
2 0.37890625 0.2359375 0.04375 0.075
2 0.44921875 0.27421875 0.0515625 0.0765625
2 0.44140625 0.17421875 0.0390625 0.071875
2 0.3609375 0.16953125 0.034375 0.0703125
2 0.33515625 0.12734375 0.0265625 0.0484375
2 0.36171875 0.0890625 0.021875 0.0484375
2 0.18984375 0.10078125 0.021875 0.0359375
2 0.37734375 0.046875 0.025 0.034375
2 0.35 0.05390625 0.025 0.034375
2 0.3234375 0.0828125 0.0234375 0.0390625
2 0.31484375 0.0515625 0.025 0.04375
2 0.33046875 0.015625 0.0171875 0.0265625