4 0.63203125 0.38828125 0.10625 0.1765625
2 0.3953125 0.3859375 0.10625 0.1234375
2 0.52890625 0.32109375 0.0625 0.103125
2 0.484375 0.28359375 0.05625 0.1015625
2 0.5296875 0.2078125 0.0390625 0.0625
2 0.56953125 0.23828125 0.040625 0.0625
2 0.61875 0.25 0.0390625 0.0671875
2 0.63828125 0.1921875 0.0359375 0.0609375
2 0.58515625 0.18515625 0.034375 0.0484375
2 0.56953125 0.13359375 0.034375 0.0609375
2 0.61640625 0.15390625 0.03125 0.0609375
2 0.66015625 0.125 0.0296875 0.053125
3 0.60703125 0.0890625 0.0140625 0.0484375
4 0.63203125 0.08203125 0.0359375 0.075
2 0.68125 0.0421875 0.025 0.0515625
2 0.65234375 0.0484375 0.021875 0.0390625
2 0.81015625 0.09765625 0.025 0.0390625
3 0.678125 0.2875 0.0125 0.0625
2 0.66328125 0.01953125 0.0140625 0.025