2 0.48046875 0.51796875 0.0796875 0.15625
2 0.65234375 0.51171875 0.084375 0.159375
2 0.709375 0.71484375 0.1453125 0.2125
2 0.9390625 0.7796875 0.11875 0.2078125
0 0.4421875 0.303125 0.021875 0.075
2 0.55859375 0.25625 0.040625 0.0828125
2 0.64453125 0.178125 0.0296875 0.05625
2 0.6 0.16953125 0.03125 0.0625
2 0.57421875 0.12734375 0.03125 0.04375
2 0.615625 0.11328125 0.034375 0.0609375
2 0.6453125 0.05859375 0.028125 0.04375
3 0.7796875 0.09375 0.0140625 0.0484375
2 0.80859375 0.0984375 0.021875 0.0390625
3 0.8109375 0.1109375 0.0078125 0.0328125
2 0.6859375 0.053125 0.021875 0.040625
3 0.603125 0.02890625 0.009375 0.0359375
2 0.6703125 0.021875 0.0203125 0.0390625
2 0.640625 0.025 0.021875 0.03125