3 0.103125 0.49609375 0.0171875 0.0875
2 0.71171875 0.93984375 0.128125 0.11875
2 0.79921875 0.6453125 0.15 0.1875
2 0.5625 0.515625 0.09375 0.165625
2 0.6421875 0.42578125 0.0875 0.1390625
0 0.66015625 0.2984375 0.04375 0.0796875
2 0.48046875 0.321875 0.0515625 0.0953125
2 0.61171875 0.2875 0.04375 0.0828125
2 0.5828125 0.22265625 0.0390625 0.0703125
2 0.5296875 0.21171875 0.040625 0.0640625
2 0.63671875 0.203125 0.034375 0.065625
2 0.5984375 0.16796875 0.0359375 0.05625
2 0.65390625 0.140625 0.028125 0.0578125
2 0.63125 0.1046875 0.0265625 0.04375
2 0.6765625 0.0828125 0.0265625 0.04375
2 0.81015625 0.103125 0.0203125 0.040625
2 0.6265625 0.0453125 0.025 0.034375
2 0.64765625 0.0609375 0.0203125 0.0390625
2 0.66484375 0.0265625 0.0140625 0.03125