2 0.7671875 0.6671875 0.1328125 0.1953125
3 0.15625 0.8390625 0.0359375 0.1203125
2 0.61640625 0.41796875 0.0703125 0.134375
2 0.609375 0.2703125 0.04375 0.075
2 0.56953125 0.21484375 0.0359375 0.065625
3 0.55625 0.1625 0.0125 0.0515625
3 0.515625 0.14921875 0.009375 0.0609375
3 0.69609375 0.19921875 0.0140625 0.053125
2 0.6578125 0.12890625 0.028125 0.0515625
2 0.65390625 0.02265625 0.021875 0.0359375
2 0.6828125 0.05078125 0.0171875 0.034375
3 0.93359375 0.27890625 0.0171875 0.0671875
2 0.80859375 0.10078125 0.0203125 0.034375