2 0.0734375 0.80390625 0.146875 0.240625
2 0.32109375 0.525 0.0984375 0.15
2 0.44140625 0.4125 0.0578125 0.115625
3 0.50234375 0.37265625 0.025 0.0953125
2 0.3921875 0.28125 0.0515625 0.096875
2 0.44921875 0.26953125 0.0515625 0.084375
2 0.49609375 0.2484375 0.0484375 0.0671875
3 0.290625 0.40859375 0.0203125 0.0828125
3 0.2953125 0.3859375 0.0171875 0.0890625
3 0.9125 0.51953125 0.025 0.0875
3 0.97734375 0.7171875 0.021875 0.1015625
3 0.30390625 0.2125 0.0125 0.0609375
3 0.34140625 0.26171875 0.0171875 0.075
3 0.209375 0.1109375 0.0125 0.0453125
2 0.1890625 0.103125 0.025 0.0359375
3 0.396875 0.0328125 0.0078125 0.034375
3 0.4015625 0.05625 0.0078125 0.0359375
2 0.36328125 0.1890625 0.040625 0.0796875
3 0.3953125 0.1734375 0.0125 0.0671875
3 0.38125 0.1578125 0.0140625 0.0609375
2 0.33515625 0.10703125 0.028125 0.0484375
2 0.36796875 0.08671875 0.028125 0.0390625
2 0.32421875 0.07109375 0.0265625 0.04375
3 0.34140625 0.04296875 0.009375 0.0390625
3 0.3390625 0.01796875 0.0078125 0.0265625
2 0.31015625 0.040625 0.0203125 0.0390625