3 0.6 0.31875 0.0125 0.0828125
2 0.33046875 0.80078125 0.1390625 0.2265625
2 0.04453125 0.78515625 0.0890625 0.18125
2 0.49765625 0.5046875 0.0625 0.1484375
2 0.3609375 0.4171875 0.075 0.1140625
2 0.48671875 0.39296875 0.05625 0.1015625
2 0.44375 0.28125 0.04375 0.071875
2 0.4125 0.19140625 0.03125 0.0578125
2 0.446875 0.16953125 0.0359375 0.053125
2 0.3921875 0.1515625 0.0296875 0.0484375
2 0.3390625 0.11875 0.0296875 0.05625
2 0.35546875 0.06640625 0.021875 0.040625
2 0.31953125 0.05078125 0.0203125 0.0390625
2 0.19140625 0.10078125 0.0203125 0.0359375
3 0.46484375 0.1109375 0.0125 0.04375
3 0.3546875 0.1875 0.0125 0.065625