3 0.1515625 0.83984375 0.0703125 0.16875
3 0.2140625 0.69140625 0.0484375 0.1390625
2 0.38125 0.5296875 0.0984375 0.1765625
2 0.453125 0.3640625 0.053125 0.10625
2 0.47578125 0.23203125 0.04375 0.071875
3 0.49609375 0.16953125 0.0125 0.0484375
3 0.509375 0.1609375 0.009375 0.0515625
2 0.84375 0.40859375 0.165625 0.1640625
2 0.18984375 0.10078125 0.025 0.0390625
3 0.43046875 0.18359375 0.0140625 0.0625
4 0.37734375 0.2171875 0.090625 0.15
4 0.36171875 0.13359375 0.0625 0.0890625
2 0.359375 0.06484375 0.0296875 0.0359375
2 0.35703125 0.0359375 0.021875 0.0296875
2 0.32578125 0.0671875 0.025 0.04375
2 0.31640625 0.03984375 0.0203125 0.034375