2 0.6546875 0.70703125 0.115625 0.2078125
2 0.7828125 0.5796875 0.11875 0.1640625
3 0.53828125 0.475 0.0265625 0.1078125
2 0.609375 0.321875 0.05625 0.1171875
2 0.54296875 0.303125 0.053125 0.0890625
3 0.67421875 0.25390625 0.0140625 0.0703125
4 0.6515625 0.1359375 0.0515625 0.1
2 0.61640625 0.12265625 0.0234375 0.0484375
3 0.58046875 0.13203125 0.0171875 0.0578125
2 0.63828125 0.071875 0.025 0.0390625
2 0.671875 0.08046875 0.0296875 0.04375
2 0.81015625 0.1 0.021875 0.034375
2 0.68515625 0.0359375 0.0203125 0.0390625