2 0.1890625 0.1046875 0.025 0.04375
3 0.1890625 0.115625 0.0078125 0.03125
2 0.3375 0.11875 0.0296875 0.0515625
3 0.48671875 0.13125 0.0078125 0.04375
3 0.38828125 0.015625 0.0125 0.03125
2 0.39453125 0.15234375 0.0390625 0.0671875
3 0.38203125 0.0171875 0.0078125 0.034375
2 0.353125 0.165625 0.0328125 0.05625
2 0.4265625 0.2171875 0.040625 0.0671875
3 0.5484375 0.23828125 0.0140625 0.0671875
2 0.38671875 0.2640625 0.0453125 0.0828125
3 0.13359375 0.303125 0.0140625 0.0640625
3 0.1078125 0.30625 0.0171875 0.0625
3 0.48671875 0.30859375 0.0171875 0.0828125
2 0.453125 0.3734375 0.0609375 0.1203125
2 0.3140625 0.04453125 0.0234375 0.0359375
2 0.453125 0.59375 0.0875 0.159375
2 0.12734375 0.7828125 0.159375 0.246875
2 0.359375 0.08671875 0.025 0.040625