3 0.5015625 0.93046875 0.034375 0.1375
2 0.940625 0.771875 0.11875 0.209375
2 0.5765625 0.55625 0.084375 0.1609375
2 0.6828125 0.5453125 0.0984375 0.1640625
4 0.53359375 0.32421875 0.0578125 0.190625
4 0.54453125 0.171875 0.065625 0.1328125
2 0.609375 0.31015625 0.0515625 0.0953125
2 0.63359375 0.20546875 0.0359375 0.0609375
2 0.6515625 0.1390625 0.028125 0.0484375
3 0.6625 0.23203125 0.0125 0.0609375
3 0.678125 0.24140625 0.0125 0.0609375
3 0.61171875 0.0671875 0.0171875 0.0390625
2 0.64765625 0.0484375 0.021875 0.0390625
2 0.67890625 0.06015625 0.021875 0.0390625
2 0.6625 0.0984375 0.021875 0.0359375
2 0.80859375 0.10078125 0.025 0.0359375
3 0.4359375 0.25625 0.009375 0.0515625