3 0.4984375 0.93046875 0.034375 0.1375
2 0.059375 0.771875 0.11875 0.209375
2 0.4234375 0.55625 0.084375 0.1609375
2 0.3171875 0.5453125 0.0984375 0.1640625
4 0.46640625 0.32421875 0.0578125 0.190625
4 0.45546875 0.171875 0.065625 0.1328125
2 0.390625 0.31015625 0.0515625 0.0953125
2 0.36640625 0.20546875 0.0359375 0.0609375
2 0.3484375 0.1390625 0.028125 0.0484375
3 0.3375 0.23203125 0.0125 0.0609375
3 0.321875 0.24140625 0.0125 0.0609375
3 0.38828125 0.0671875 0.0171875 0.0390625
2 0.35234375 0.0484375 0.021875 0.0390625
2 0.32109375 0.06015625 0.021875 0.0390625
2 0.3375 0.0984375 0.021875 0.0359375
2 0.19140625 0.10078125 0.025 0.0359375
3 0.5640625 0.25625 0.009375 0.0515625