3 0.8125 0.91484375 0.034375 0.15625
3 0.89765625 0.5484375 0.025 0.0875
2 0.66953125 0.43125 0.10625 0.1078125
3 0.59140625 0.321875 0.0140625 0.0671875
3 0.54453125 0.2359375 0.0125 0.0625
3 0.55625 0.228125 0.0140625 0.0609375
2 0.271875 0.57578125 0.11875 0.1734375
2 0.39921875 0.4328125 0.0609375 0.1328125
0 0.32109375 0.30625 0.0390625 0.075
2 0.4796875 0.37890625 0.0609375 0.1109375
2 0.44140625 0.26171875 0.0390625 0.0890625
2 0.37890625 0.2390625 0.04375 0.0828125
2 0.40390625 0.1765625 0.04375 0.06875
2 0.3859375 0.10546875 0.03125 0.0484375
4 0.33984375 0.08046875 0.040625 0.1203125
3 0.4859375 0.134375 0.0125 0.04375
3 0.42578125 0.06015625 0.0078125 0.0359375
2 0.19140625 0.10234375 0.025 0.04375
2 0.3609375 0.05390625 0.0140625 0.040625
2 0.3140625 0.06015625 0.0203125 0.0359375