3 0.37265625 0.7140625 0.0296875 0.146875
3 0.13359375 0.484375 0.021875 0.096875
2 0.65859375 0.82109375 0.128125 0.24375
4 0.765625 0.615625 0.221875 0.3953125
3 0.50859375 0.70703125 0.03125 0.159375
3 0.5640625 0.6671875 0.028125 0.1484375
3 0.5671875 0.56640625 0.03125 0.134375
2 0.6203125 0.39765625 0.0625 0.1078125
2 0.52265625 0.4078125 0.0609375 0.1171875
2 0.540625 0.28515625 0.0515625 0.0890625
2 0.5046875 0.240625 0.0515625 0.0765625
3 0.46171875 0.20703125 0.0125 0.053125
2 0.61328125 0.25234375 0.053125 0.0875
2 0.5890625 0.1921875 0.0390625 0.0625
2 0.64453125 0.14921875 0.034375 0.0625
2 0.6671875 0.09765625 0.028125 0.0453125
2 0.634375 0.08046875 0.0265625 0.0390625
2 0.64921875 0.04453125 0.0265625 0.0359375
2 0.640625 0.0203125 0.0203125 0.03125
2 0.68515625 0.04921875 0.025 0.0359375
2 0.8109375 0.10234375 0.0265625 0.0390625
3 0.88203125 0.22578125 0.0078125 0.0515625
3 0.94609375 0.29921875 0.0125 0.0625