2 0.328125 0.0953125 0.021875 0.0390625
2 0.3703125 0.09765625 0.0234375 0.040625
2 0.1890625 0.1046875 0.0265625 0.04375
3 0.18984375 0.11875 0.0125 0.0390625
2 0.38359375 0.134375 0.0296875 0.053125
2 0.3484375 0.1546875 0.0296875 0.0453125
2 0.40625 0.16328125 0.040625 0.05625
2 0.4703125 0.2125 0.04375 0.075
2 0.36328125 0.21640625 0.034375 0.0609375
2 0.41796875 0.2171875 0.0390625 0.0671875
3 0.32421875 0.24296875 0.0078125 0.0671875
2 0.33984375 0.0328125 0.0203125 0.0359375
3 0.30625 0.4125 0.0609375 0.0828125
3 0.07109375 0.4359375 0.065625 0.0875
3 0.14296875 0.47109375 0.0625 0.084375
3 0.06640625 0.52265625 0.0703125 0.084375
2 0.31875 0.05546875 0.0234375 0.0390625
2 0.3546875 0.0578125 0.021875 0.03125
0 0.63203125 0.6078125 0.0265625 0.1296875
2 0.36171875 0.08046875 0.021875 0.04375