3 0.25390625 0.86328125 0.0359375 0.125
1 0.04296875 0.86328125 0.084375 0.271875
2 0.6390625 0.75703125 0.1328125 0.2265625
2 0.94609375 0.728125 0.10625 0.18125
3 0.4546875 0.62734375 0.0265625 0.146875
2 0.6109375 0.490625 0.090625 0.15625
3 0.33515625 0.39296875 0.021875 0.075
3 0.91796875 0.26796875 0.0140625 0.0625
3 0.9859375 0.32421875 0.0203125 0.071875
2 0.81015625 0.1 0.021875 0.034375
2 0.75703125 0.0203125 0.0203125 0.0296875
2 0.61171875 0.35 0.053125 0.1078125
2 0.55078125 0.296875 0.0515625 0.0921875
2 0.57578125 0.21171875 0.0390625 0.0625
2 0.615625 0.26171875 0.0484375 0.0625
2 0.640625 0.1734375 0.0359375 0.0625
2 0.60234375 0.1515625 0.0390625 0.0578125
2 0.625 0.10234375 0.0265625 0.04375
2 0.65859375 0.12734375 0.028125 0.0515625
2 0.64296875 0.07109375 0.025 0.03125
2 0.67578125 0.0828125 0.025 0.0390625
2 0.68359375 0.06015625 0.021875 0.03125
2 0.6609375 0.03515625 0.0171875 0.0265625
2 0.6359375 0.02890625 0.0203125 0.0265625
3 0.4421875 0.23828125 0.0140625 0.0625
3 0.70078125 0.1109375 0.009375 0.0359375