0 0.44140625 0.30546875 0.0203125 0.075
2 0.5484375 0.5921875 0.084375 0.1640625
2 0.7875 0.64296875 0.1328125 0.18125
2 0.52265625 0.39296875 0.053125 0.10625
2 0.60546875 0.35234375 0.0484375 0.10625
2 0.61640625 0.240625 0.0484375 0.0890625
2 0.5734375 0.2234375 0.04375 0.0703125
2 0.55859375 0.1578125 0.0390625 0.0671875
3 0.6984375 0.20078125 0.009375 0.0609375
2 0.81015625 0.1 0.021875 0.0375
3 0.81015625 0.11796875 0.009375 0.0359375
2 0.6140625 0.12734375 0.028125 0.053125
2 0.6453125 0.16796875 0.034375 0.0609375
2 0.6421875 0.0828125 0.028125 0.0453125
2 0.6453125 0.03984375 0.0203125 0.0453125
2 0.66484375 0.05546875 0.0203125 0.0359375
3 0.6 0.0375 0.0078125 0.0359375