2 0.74140625 0.57578125 0.128125 0.1453125
2 0.5359375 0.428125 0.059375 0.1203125
2 0.59609375 0.33984375 0.065625 0.1140625
2 0.48203125 0.26796875 0.075 0.1578125
3 0.58203125 0.25234375 0.0203125 0.0625
3 0.57578125 0.1890625 0.009375 0.0578125
2 0.5421875 0.19375 0.0390625 0.0671875
3 0.4890625 0.1578125 0.0125 0.05625
3 0.525 0.1265625 0.0078125 0.040625
4 0.64453125 0.15234375 0.0515625 0.1109375
2 0.603125 0.1390625 0.03125 0.05625
2 0.61796875 0.08671875 0.0265625 0.0453125
4 0.6515625 0.08046875 0.0390625 0.0625
2 0.80859375 0.1 0.025 0.04375
3 0.6203125 0.040625 0.0125 0.03125
2 0.64296875 0.03515625 0.0171875 0.0359375
2 0.68125 0.05859375 0.0171875 0.034375
2 0.68359375 0.0359375 0.0203125 0.034375