2 0.24140625 0.890625 0.178125 0.2171875
2 0.428125 0.5953125 0.1078125 0.2
2 0.28828125 0.603125 0.1203125 0.16875
2 0.475 0.334375 0.0515625 0.10625
4 0.5515625 0.3375 0.0703125 0.1171875
2 0.37265625 0.209375 0.0390625 0.0671875
2 0.396875 0.15234375 0.0359375 0.053125
4 0.3546875 0.15 0.0484375 0.096875
2 0.3703125 0.0984375 0.0265625 0.0484375
3 0.34140625 0.0875 0.0125 0.0359375
2 0.321875 0.0609375 0.021875 0.0484375
2 0.18984375 0.0984375 0.021875 0.034375
1 0.96015625 0.86171875 0.0796875 0.275
3 0.4234375 0.0578125 0.009375 0.0390625
3 0.4375 0.08046875 0.0125 0.0546875
2 0.3375 0.0265625 0.0171875 0.03125
3 0.3015625 0.109375 0.009375 0.0453125