2 0.7390625 0.6546875 0.1171875 0.1953125
2 0.60078125 0.53515625 0.0890625 0.1453125
2 0.4640625 0.50859375 0.065625 0.1453125
2 0.53515625 0.3953125 0.05625 0.115625
2 0.60546875 0.30390625 0.053125 0.1078125
2 0.553125 0.2640625 0.0515625 0.0875
3 0.67578125 0.25 0.009375 0.0625
2 0.5890625 0.19609375 0.0390625 0.0609375
2 0.64296875 0.1859375 0.0390625 0.065625
3 0.60234375 0.1453125 0.0125 0.0484375
3 0.6109375 0.08984375 0.0125 0.0484375
2 0.62890625 0.1 0.034375 0.0484375
2 0.6609375 0.06875 0.0265625 0.0484375
3 0.7640625 0.11875 0.0125 0.04375
3 0.5046875 0.1453125 0.0078125 0.0453125
3 0.5140625 0.14765625 0.0078125 0.0484375
2 0.80859375 0.09765625 0.025 0.0359375
3 0.8125 0.11640625 0.0125 0.0359375