2 0.93828125 0.93046875 0.1234375 0.1265625
2 0.6984375 0.5921875 0.103125 0.16875
2 0.5953125 0.69375 0.128125 0.2484375
2 0.5296875 0.4703125 0.059375 0.1296875
2 0.60703125 0.36640625 0.053125 0.11875
0 0.65625 0.30546875 0.04375 0.0765625
2 0.6234375 0.234375 0.04375 0.071875
2 0.5796875 0.2015625 0.040625 0.0578125
2 0.60703125 0.134375 0.034375 0.0578125
2 0.66015625 0.13671875 0.03125 0.0515625
2 0.64765625 0.05625 0.034375 0.0609375
3 0.69140625 0.16328125 0.0125 0.0578125
2 0.68125 0.046875 0.0203125 0.0390625
2 0.76953125 0.109375 0.0390625 0.0484375
2 0.81015625 0.0984375 0.021875 0.040625
3 0.8109375 0.115625 0.0125 0.03125