2 0.73828125 0.57109375 0.15625 0.115625
3 0.921875 0.75 0.03125 0.1234375
2 0.08984375 0.5140625 0.1234375 0.1109375
2 0.19140625 0.10234375 0.0265625 0.04375
3 0.34609375 0.24140625 0.0171875 0.0578125
3 0.625 0.3328125 0.0140625 0.0609375
2 0.475 0.2234375 0.04375 0.0765625
3 0.478125 0.15625 0.0125 0.053125
3 0.44140625 0.1875 0.0125 0.05625
2 0.37734375 0.22265625 0.0359375 0.0625
2 0.42578125 0.234375 0.0390625 0.0703125
2 0.4078125 0.17578125 0.034375 0.0515625
2 0.359375 0.1765625 0.0359375 0.0578125
2 0.35078125 0.13671875 0.0265625 0.04375
2 0.3921875 0.13671875 0.028125 0.0515625
2 0.37890625 0.10546875 0.0296875 0.0484375
2 0.36328125 0.08515625 0.025 0.0484375
2 0.34765625 0.04453125 0.025 0.0390625
2 0.41953125 0.1078125 0.03125 0.0484375
0 0.30859375 0.11328125 0.0265625 0.040625
2 0.31953125 0.0625 0.0234375 0.040625