3 0.509375 0.16015625 0.0140625 0.0578125
3 0.5671875 0.25859375 0.0125 0.0609375
2 0.12890625 0.81875 0.16875 0.2171875
2 0.271875 0.5375 0.10625 0.153125
2 0.19140625 0.103125 0.025 0.0359375
2 0.46875 0.4234375 0.0578125 0.125
2 0.37265625 0.37109375 0.0609375 0.115625
2 0.384375 0.27265625 0.040625 0.0796875
2 0.44140625 0.25703125 0.04375 0.0859375
3 0.3921875 0.21171875 0.0125 0.040625
2 0.41796875 0.20078125 0.03125 0.0671875
2 0.43125 0.1390625 0.0359375 0.0484375
2 0.34609375 0.14921875 0.0265625 0.0609375
2 0.38671875 0.1390625 0.0359375 0.0578125
2 0.36328125 0.08203125 0.021875 0.0359375
4 0.3234375 0.07109375 0.0390625 0.0703125
2 0.35078125 0.046875 0.0203125 0.034375
2 0.36875 0.03125 0.021875 0.0390625
3 0.125 0.209375 0.009375 0.05625
1 0.95703125 0.8640625 0.0828125 0.271875
3 0.2984375 0.11328125 0.0078125 0.040625