2 0.828125 0.7828125 0.1828125 0.259375
4 0.6875 0.43515625 0.15625 0.271875
3 0.509375 0.4015625 0.0171875 0.096875
2 0.54296875 0.31015625 0.0515625 0.1015625
3 0.6 0.2703125 0.0171875 0.0765625
3 0.5515625 0.2234375 0.0140625 0.0609375
3 0.540625 0.2453125 0.0171875 0.0265625
2 0.63359375 0.19609375 0.0484375 0.0796875
2 0.6546875 0.13828125 0.0296875 0.0578125
3 0.55859375 0.16328125 0.0125 0.0578125
3 0.6296875 0.0421875 0.009375 0.0390625
3 0.65234375 0.04453125 0.009375 0.0359375
2 0.64453125 0.06484375 0.021875 0.0375
3 0.51171875 0.146875 0.009375 0.0515625
2 0.67578125 0.08046875 0.0265625 0.0359375
2 0.68515625 0.03984375 0.0203125 0.0359375
2 0.81015625 0.10078125 0.021875 0.0359375
3 0.771875 0.146875 0.0078125 0.0484375
0 0.75234375 0.1390625 0.021875 0.0515625
3 0.8265625 0.10703125 0.009375 0.0453125