2 0.2609375 0.6546875 0.1171875 0.1953125
2 0.39921875 0.53515625 0.0890625 0.1453125
2 0.5359375 0.50859375 0.065625 0.1453125
2 0.46484375 0.3953125 0.05625 0.115625
2 0.39453125 0.30390625 0.053125 0.1078125
2 0.446875 0.2640625 0.0515625 0.0875
3 0.32421875 0.25 0.009375 0.0625
2 0.4109375 0.19609375 0.0390625 0.0609375
2 0.35703125 0.1859375 0.0390625 0.065625
3 0.39765625 0.1453125 0.0125 0.0484375
3 0.3890625 0.08984375 0.0125 0.0484375
2 0.37109375 0.1 0.034375 0.0484375
2 0.3390625 0.06875 0.0265625 0.0484375
3 0.2359375 0.11875 0.0125 0.04375
3 0.4953125 0.1453125 0.0078125 0.0453125
3 0.4859375 0.14765625 0.0078125 0.0484375
2 0.19140625 0.09765625 0.025 0.0359375
3 0.1875 0.11640625 0.0125 0.0359375