3 0.8296875 0.334375 0.0140625 0.0625
3 0.81484375 0.328125 0.0171875 0.071875
3 0.41484375 0.23828125 0.0203125 0.0609375
3 0.4703125 0.13359375 0.0078125 0.0515625
3 0.52890625 0.28359375 0.0203125 0.075
3 0.428125 0.12265625 0.0125 0.0515625
2 0.42421875 0.2015625 0.0390625 0.0703125
2 0.3703125 0.20703125 0.0390625 0.0625
2 0.39921875 0.16015625 0.034375 0.0578125
2 0.34609375 0.140625 0.03125 0.065625
2 0.375 0.11171875 0.0265625 0.0484375
2 0.33203125 0.10078125 0.0265625 0.0390625
2 0.3171875 0.04921875 0.0203125 0.0390625
2 0.3484375 0.009375 0.0171875 0.0171875
2 0.1890625 0.10078125 0.021875 0.0359375