3 0.1984375 0.89296875 0.04375 0.1390625
3 0.1421875 0.9515625 0.0390625 0.096875
2 0.89921875 0.7390625 0.15 0.2046875
3 0.728125 0.69609375 0.05625 0.146875
2 0.5515625 0.57578125 0.090625 0.159375
2 0.6421875 0.4328125 0.0828125 0.1328125
3 0.54921875 0.38671875 0.0203125 0.0984375
3 0.86328125 0.365625 0.0203125 0.0875
3 0.87890625 0.36875 0.0171875 0.0796875
3 0.82421875 0.16953125 0.0125 0.053125
3 0.68125 0.2390625 0.0125 0.0625
3 0.7046875 0.17421875 0.009375 0.0515625
2 0.80859375 0.0984375 0.025 0.034375
2 0.60546875 0.2765625 0.0484375 0.0984375
2 0.58203125 0.18984375 0.0390625 0.0625
2 0.55625 0.146875 0.034375 0.0515625
2 0.6140625 0.11875 0.028125 0.05625
2 0.6390625 0.18125 0.034375 0.0578125
2 0.671875 0.0828125 0.025 0.0453125
2 0.6390625 0.08203125 0.0265625 0.040625
3 0.59765625 0.06015625 0.0125 0.04375
2 0.66015625 0.03515625 0.0203125 0.03125