3 0.80546875 0.7546875 0.0453125 0.1640625
2 0.275 0.4265625 0.11875 0.0984375
2 0.4734375 0.384375 0.053125 0.115625
2 0.6078125 0.2921875 0.0453125 0.0921875
2 0.54296875 0.30078125 0.0484375 0.0828125
3 0.51796875 0.27421875 0.0171875 0.0703125
2 0.5140625 0.2328125 0.0453125 0.071875
3 0.4984375 0.15390625 0.0140625 0.053125
2 0.5875 0.1921875 0.034375 0.0671875
2 0.63671875 0.1875 0.0390625 0.0703125
2 0.603125 0.1390625 0.028125 0.0453125
3 0.59609375 0.0984375 0.0125 0.04375
2 0.65390625 0.13125 0.025 0.04375
2 0.62109375 0.10078125 0.0203125 0.040625
2 0.6359375 0.08671875 0.0234375 0.040625
2 0.66484375 0.103125 0.028125 0.040625
2 0.64453125 0.0625 0.021875 0.034375
2 0.65 0.04921875 0.0203125 0.0296875
2 0.6578125 0.0328125 0.025 0.0359375
2 0.6765625 0.078125 0.0234375 0.04375
2 0.68125 0.05390625 0.0203125 0.034375
3 0.7125 0.1234375 0.0078125 0.0484375
2 0.81015625 0.10078125 0.021875 0.040625