2 0.58515625 0.65625 0.09375 0.1953125
2 0.6609375 0.46484375 0.0890625 0.18125
2 0.6078125 0.3078125 0.04375 0.096875
2 0.540625 0.296875 0.0515625 0.0875
3 0.678125 0.24765625 0.0125 0.0578125
2 0.5921875 0.1359375 0.0453125 0.0984375
2 0.63828125 0.16328125 0.0390625 0.0671875
2 0.625 0.1046875 0.0296875 0.0484375
2 0.66328125 0.109375 0.03125 0.053125
2 0.67890625 0.0640625 0.028125 0.0453125
3 0.625 0.05859375 0.009375 0.040625
3 0.58203125 0.053125 0.0078125 0.034375
3 0.6859375 0.1234375 0.0078125 0.0484375
3 0.69609375 0.12734375 0.0125 0.0515625
2 0.81015625 0.10078125 0.025 0.0359375
3 0.8109375 0.115625 0.0125 0.03125
2 0.95703125 0.78515625 0.084375 0.178125