2 0.9484375 0.7234375 0.103125 0.2125
2 0.5828125 0.740625 0.1421875 0.2703125
3 0.771875 0.6421875 0.05625 0.1453125
2 0.58984375 0.5046875 0.075 0.1421875
2 0.6140625 0.365625 0.053125 0.115625
2 0.4796875 0.3421875 0.0578125 0.134375
2 0.55859375 0.30859375 0.0515625 0.084375
2 0.5375 0.19609375 0.0390625 0.0640625
2 0.58984375 0.18515625 0.040625 0.065625
3 0.578125 0.14296875 0.0140625 0.0484375
2 0.65390625 0.1390625 0.0359375 0.0625
2 0.61796875 0.11875 0.03125 0.0484375
2 0.63671875 0.08203125 0.025 0.034375
2 0.6515625 0.05390625 0.0203125 0.0359375
2 0.68359375 0.06015625 0.025 0.0359375
2 0.2296875 0.45546875 0.10625 0.103125
3 0.134375 0.33671875 0.0171875 0.071875
3 0.43515625 0.2640625 0.0140625 0.0609375
3 0.40625 0.2765625 0.0140625 0.0578125
2 0.66796875 0.09140625 0.0265625 0.040625
2 0.66015625 0.02734375 0.0203125 0.03125
3 0.8640625 0.19140625 0.0125 0.053125
2 0.80859375 0.10078125 0.021875 0.034375
3 0.71015625 0.11796875 0.0125 0.0484375