2 0.75390625 0.5578125 0.11875 0.159375
2 0.81015625 0.10078125 0.0203125 0.0359375
2 0.50234375 0.521875 0.0671875 0.1421875
2 0.5359375 0.3890625 0.0546875 0.1375
2 0.6078125 0.3328125 0.04375 0.0984375
3 0.5671875 0.27890625 0.0171875 0.0609375
2 0.6109375 0.1828125 0.034375 0.0703125
2 0.5453125 0.19609375 0.034375 0.0609375
2 0.6546875 0.125 0.028125 0.0609375
2 0.6265625 0.08984375 0.025 0.0484375
3 0.6546875 0.04453125 0.0078125 0.03125
2 0.68046875 0.0609375 0.021875 0.0390625
2 0.67578125 0.0328125 0.0203125 0.03125