3 0.2859375 0.49140625 0.065625 0.0921875
3 0.37265625 0.51796875 0.0703125 0.09375
3 0.2515625 0.40234375 0.0203125 0.09375
3 0.50234375 0.3078125 0.0203125 0.075
3 0.52890625 0.28125 0.0203125 0.0796875
3 0.803125 0.3109375 0.04375 0.0625
2 0.76796875 0.10078125 0.025 0.0453125
2 0.8109375 0.10078125 0.025 0.0390625
3 0.8109375 0.115625 0.0125 0.03125
2 0.57421875 0.2140625 0.04375 0.0671875
2 0.634375 0.196875 0.04375 0.075
2 0.6 0.16015625 0.034375 0.0625
2 0.646875 0.1390625 0.0390625 0.0609375
2 0.640625 0.06640625 0.0296875 0.0484375
2 0.678125 0.07109375 0.025 0.04375
2 0.66796875 0.09375 0.025 0.04375
0 0.9828125 0.365625 0.034375 0.0796875