3 0.1546875 0.45078125 0.0203125 0.084375
2 0.75625 0.94140625 0.1328125 0.115625
4 0.71875 0.53359375 0.2171875 0.353125
2 0.53515625 0.58671875 0.103125 0.196875
4 0.509375 0.3421875 0.0796875 0.24375
3 0.53984375 0.2015625 0.0140625 0.0609375
3 0.68046875 0.2875 0.0125 0.0703125
2 0.58671875 0.18515625 0.0390625 0.065625
2 0.63203125 0.18125 0.034375 0.0578125
3 0.60234375 0.13828125 0.0125 0.0484375
2 0.61796875 0.09609375 0.03125 0.0515625
2 0.65390625 0.12109375 0.034375 0.0609375
2 0.678125 0.06640625 0.03125 0.053125
2 0.6578125 0.0296875 0.0203125 0.0359375
2 0.80859375 0.0984375 0.021875 0.0453125