3 0.853125 0.571875 0.075 0.103125
0 0.734375 0.3296875 0.04375 0.071875
2 0.8078125 0.103125 0.0234375 0.0453125
3 0.5140625 0.30390625 0.0171875 0.0796875
3 0.5640625 0.2828125 0.021875 0.0625
3 0.56875 0.23828125 0.0203125 0.071875
2 0.584375 0.21171875 0.04375 0.0609375
4 0.64453125 0.1734375 0.0453125 0.0875
2 0.57109375 0.1390625 0.04375 0.0609375
2 0.63203125 0.08671875 0.028125 0.04375
2 0.65625 0.05546875 0.025 0.04375
2 0.63359375 0.0265625 0.0265625 0.0359375
0 0.978125 0.38828125 0.0390625 0.075
3 0.46015625 0.2078125 0.0125 0.05625
2 0.66796875 0.103125 0.03125 0.0453125