2 0.81015625 0.10078125 0.025 0.0359375
3 0.81484375 0.11328125 0.0125 0.0359375
2 0.64921875 0.01171875 0.0203125 0.021875
2 0.66328125 0.1265625 0.0234375 0.0484375
2 0.64921875 0.14921875 0.034375 0.0609375
2 0.60078125 0.15390625 0.0359375 0.0578125
3 0.49609375 0.1546875 0.0125 0.0484375
3 0.50859375 0.1578125 0.0125 0.0515625
2 0.540625 0.1890625 0.0390625 0.05625
3 0.86640625 0.19609375 0.0140625 0.0625
2 0.58671875 0.1984375 0.04375 0.075
2 0.63359375 0.20703125 0.0390625 0.0703125
3 0.59140625 0.24375 0.0203125 0.0671875
3 0.54921875 0.28515625 0.0171875 0.0578125
3 0.803125 0.3015625 0.0390625 0.071875
3 0.65 0.31875 0.0125 0.0625
3 0.9265625 0.36796875 0.0484375 0.084375
3 0.6203125 0.4484375 0.0578125 0.084375
3 0.88359375 0.4796875 0.0703125 0.0921875
3 0.2953125 0.48828125 0.071875 0.0828125
3 0.6609375 0.49765625 0.0671875 0.096875
2 0.68125 0.053125 0.021875 0.0359375
3 0.4265625 0.5609375 0.071875 0.1015625
2 0.91796875 0.58203125 0.1609375 0.11875
3 0.625 0.078125 0.0125 0.0484375
2 0.67421875 0.08203125 0.0265625 0.04375
1 0.0828125 0.85078125 0.165625 0.2953125
3 0.18984375 0.87265625 0.0359375 0.1390625