3 0.86328125 0.8484375 0.0796875 0.1640625
2 0.69609375 0.603125 0.096875 0.1640625
0 0.52265625 0.91484375 0.0390625 0.1703125
0 0.4703125 0.696875 0.0296875 0.1421875
3 0.60234375 0.60078125 0.0390625 0.1453125
2 0.2453125 0.44921875 0.10625 0.1078125
3 0.27734375 0.3265625 0.0140625 0.0796875
2 0.4640625 0.3328125 0.0703125 0.0859375
4 0.59375 0.35703125 0.0671875 0.1453125
2 0.609375 0.228125 0.0453125 0.0703125
2 0.53359375 0.20546875 0.0390625 0.0609375
2 0.60546875 0.16328125 0.03125 0.0515625
2 0.5578125 0.15390625 0.034375 0.0625
2 0.65625 0.13671875 0.0265625 0.0515625
2 0.60234375 0.0984375 0.028125 0.0453125
3 0.49296875 0.1625 0.0125 0.05625
2 0.640625 0.07421875 0.021875 0.040625
2 0.6546875 0.03828125 0.0203125 0.0359375
2 0.67578125 0.0796875 0.021875 0.040625
2 0.8109375 0.103125 0.0203125 0.040625
2 0.671875 0.01171875 0.0171875 0.0203125
3 0.79453125 0.02890625 0.009375 0.0359375