2 0.61875 0.74296875 0.1328125 0.284375
2 0.76953125 0.634375 0.1375 0.178125
2 0.8125 0.946875 0.1140625 0.103125
2 0.6296875 0.4171875 0.071875 0.128125
2 0.3921875 0.3890625 0.0921875 0.096875
2 0.5375 0.33984375 0.05625 0.0984375
2 0.53359375 0.20546875 0.040625 0.065625
4 0.5796875 0.20078125 0.04375 0.0671875
2 0.6296875 0.21875 0.0390625 0.0796875
2 0.6625 0.1109375 0.028125 0.0484375
2 0.63828125 0.07109375 0.025 0.0484375
2 0.6609375 0.0359375 0.0171875 0.0484375
2 0.6734375 0.07421875 0.021875 0.0484375
3 0.6390625 0.025 0.0078125 0.0359375
2 0.80859375 0.0953125 0.021875 0.0390625