2 0.71484375 0.6609375 0.115625 0.1875
2 0.56953125 0.56015625 0.0890625 0.1734375
2 0.5421875 0.3546875 0.0546875 0.1140625
3 0.68125 0.23203125 0.0171875 0.0625
2 0.8109375 0.10234375 0.025 0.0359375
3 0.38125 0.31640625 0.0140625 0.0765625
2 0.61640625 0.265625 0.04375 0.071875
2 0.56640625 0.2484375 0.0515625 0.0765625
2 0.50703125 0.23671875 0.0484375 0.075
3 0.57578125 0.1875 0.0140625 0.0453125
3 0.60078125 0.11171875 0.0125 0.0453125
3 0.5890625 0.0984375 0.0125 0.04375
2 0.646875 0.1875 0.0359375 0.0671875
2 0.603125 0.1671875 0.034375 0.05625
4 0.665625 0.103125 0.04375 0.075
2 0.63125 0.1 0.028125 0.0375
2 0.64921875 0.0515625 0.021875 0.0390625
2 0.6875 0.04453125 0.025 0.0296875
3 0.6 0.03515625 0.0078125 0.03125
2 0.65390625 0.021875 0.0203125 0.03125
3 0.14296875 0.3265625 0.0125 0.0671875