2 0.6671875 0.78984375 0.121875 0.2234375
2 0.93046875 0.7640625 0.1390625 0.23125
2 0.5421875 0.48203125 0.0703125 0.1390625
2 0.6203125 0.4125 0.0671875 0.115625
3 0.9046875 0.2640625 0.0140625 0.0625
2 0.5921875 0.31015625 0.0515625 0.084375
2 0.56875 0.21640625 0.04375 0.0765625
2 0.63203125 0.2140625 0.0484375 0.075
2 0.6 0.1390625 0.034375 0.0609375
4 0.65390625 0.134375 0.03125 0.05625
2 0.6296875 0.0953125 0.0265625 0.0515625
2 0.60703125 0.08515625 0.021875 0.0359375
2 0.67421875 0.084375 0.021875 0.0375
2 0.61875 0.053125 0.0203125 0.0296875
2 0.64296875 0.0609375 0.025 0.0359375
2 0.65625 0.03984375 0.0203125 0.0359375
2 0.68515625 0.05078125 0.0203125 0.034375
2 0.63359375 0.0265625 0.0203125 0.03125
2 0.66015625 0.0171875 0.0171875 0.021875