3 0.30625 0.365625 0.0140625 0.0796875
3 0.3953125 0.28359375 0.0125 0.0625
3 0.4078125 0.26796875 0.0125 0.0671875
3 0.79296875 0.9484375 0.0578125 0.1015625
2 0.6859375 0.65625 0.121875 0.18125
2 0.6890625 0.4890625 0.09375 0.1453125
2 0.47578125 0.41328125 0.05625 0.128125
2 0.553125 0.3171875 0.0515625 0.0984375
2 0.5 0.27734375 0.0453125 0.0796875
3 0.578125 0.228125 0.0125 0.0671875
3 0.5953125 0.2046875 0.0125 0.071875
3 0.6921875 0.2015625 0.009375 0.0625
2 0.62109375 0.2359375 0.0515625 0.0875
3 0.696875 0.12265625 0.009375 0.053125
2 0.65 0.14921875 0.03125 0.0578125
2 0.60078125 0.1546875 0.0359375 0.053125
2 0.62265625 0.1109375 0.028125 0.0484375
2 0.6671875 0.09765625 0.028125 0.0484375
2 0.64296875 0.078125 0.028125 0.04375
2 0.646875 0.04921875 0.025 0.034375
2 0.6765625 0.0671875 0.0234375 0.040625
2 0.8109375 0.10078125 0.025 0.04375