2 0.70703125 0.8328125 0.15 0.271875
2 0.92734375 0.7046875 0.1453125 0.196875
2 0.5734375 0.5046875 0.075 0.1328125
2 0.66328125 0.40859375 0.0796875 0.15625
3 0.5671875 0.3640625 0.021875 0.0859375
2 0.36171875 0.4015625 0.134375 0.1234375
2 0.484375 0.30078125 0.05625 0.084375
2 0.55859375 0.265625 0.0515625 0.084375
2 0.62890625 0.21640625 0.0390625 0.075
2 0.58671875 0.18046875 0.040625 0.0640625
2 0.6578125 0.13828125 0.03125 0.0515625
2 0.61875 0.1234375 0.0359375 0.0515625
2 0.6046875 0.07109375 0.0265625 0.034375
2 0.63828125 0.071875 0.0265625 0.0453125
2 0.6546875 0.03828125 0.0203125 0.0265625
2 0.67578125 0.0828125 0.0265625 0.040625
3 0.6765625 0.10703125 0.0078125 0.040625
2 0.6828125 0.05078125 0.021875 0.0390625
2 0.63359375 0.02890625 0.021875 0.034375
0 0.9046875 0.36171875 0.0484375 0.071875
2 0.9078125 0.2703125 0.0125 0.0671875
2 0.8109375 0.1 0.021875 0.0375