3 0.38125 0.31953125 0.0171875 0.0828125
2 0.65859375 0.7140625 0.1609375 0.259375
2 0.78984375 0.60703125 0.1296875 0.1515625
2 0.54921875 0.4859375 0.0703125 0.1453125
2 0.62109375 0.39296875 0.0703125 0.134375
2 0.55859375 0.27265625 0.0515625 0.0890625
3 0.6203125 0.265625 0.021875 0.0703125
3 0.6765625 0.24609375 0.009375 0.0578125
2 0.81015625 0.0984375 0.021875 0.034375
2 0.6421875 0.18984375 0.03125 0.05625
2 0.615625 0.15234375 0.0390625 0.0609375
2 0.6578125 0.13359375 0.0265625 0.05625
2 0.63359375 0.0953125 0.028125 0.040625
2 0.6671875 0.09140625 0.021875 0.0390625
2 0.68125 0.0484375 0.0265625 0.0390625
2 0.6578125 0.02890625 0.021875 0.0359375