3 0.87109375 0.9375 0.065625 0.1234375
2 0.625 0.7203125 0.11875 0.1953125
2 0.459375 0.55859375 0.071875 0.15625
2 0.5921875 0.51328125 0.0875 0.134375
3 0.4578125 0.4234375 0.0265625 0.103125
2 0.62890625 0.3484375 0.0609375 0.1140625
2 0.54296875 0.3484375 0.0609375 0.1140625
2 0.5 0.2671875 0.0515625 0.0796875
3 0.46875 0.20703125 0.0125 0.0625
3 0.5109375 0.1390625 0.0078125 0.04375
4 0.6390625 0.16953125 0.059375 0.1234375
2 0.56640625 0.25 0.04375 0.071875
2 0.59140625 0.1734375 0.034375 0.0609375
3 0.56015625 0.1625 0.0140625 0.0671875
2 0.678125 0.0765625 0.0203125 0.0390625
2 0.6453125 0.06484375 0.0203125 0.040625
2 0.66015625 0.0328125 0.0203125 0.034375
2 0.81015625 0.0984375 0.021875 0.034375
2 0.6859375 0.03828125 0.021875 0.03125
3 0.98828125 0.32421875 0.0140625 0.0703125
3 0.69921875 0.11171875 0.0078125 0.0375