2 0.9265625 0.80390625 0.146875 0.240625
2 0.67890625 0.525 0.0984375 0.15
2 0.55859375 0.4125 0.0578125 0.115625
3 0.49765625 0.37265625 0.025 0.0953125
2 0.6078125 0.28125 0.0515625 0.096875
2 0.55078125 0.26953125 0.0515625 0.084375
2 0.50390625 0.2484375 0.0484375 0.0671875
3 0.709375 0.40859375 0.0203125 0.0828125
3 0.7046875 0.3859375 0.0171875 0.0890625
3 0.0875 0.51953125 0.025 0.0875
3 0.02265625 0.7171875 0.021875 0.1015625
3 0.69609375 0.2125 0.0125 0.0609375
3 0.65859375 0.26171875 0.0171875 0.075
3 0.790625 0.1109375 0.0125 0.0453125
2 0.8109375 0.103125 0.025 0.0359375
3 0.603125 0.0328125 0.0078125 0.034375
3 0.5984375 0.05625 0.0078125 0.0359375
2 0.63671875 0.1890625 0.040625 0.0796875
3 0.6046875 0.1734375 0.0125 0.0671875
3 0.61875 0.1578125 0.0140625 0.0609375
2 0.66484375 0.10703125 0.028125 0.0484375
2 0.63203125 0.08671875 0.028125 0.0390625
2 0.67578125 0.07109375 0.0265625 0.04375
3 0.65859375 0.04296875 0.009375 0.0390625
3 0.6609375 0.01796875 0.0078125 0.0265625
2 0.68984375 0.040625 0.0203125 0.0390625