2 0.67578125 0.73828125 0.1390625 0.209375
4 0.91953125 0.7453125 0.1609375 0.3515625
2 0.65 0.4796875 0.084375 0.146875
2 0.5421875 0.36640625 0.059375 0.128125
2 0.61328125 0.2484375 0.04375 0.0703125
2 0.57109375 0.20703125 0.04375 0.071875
3 0.70078125 0.19453125 0.0125 0.05625
3 0.634375 0.20078125 0.0171875 0.0671875
3 0.6109375 0.13125 0.009375 0.0515625
2 0.65 0.1546875 0.028125 0.053125
2 0.64296875 0.05625 0.0265625 0.0453125
2 0.67578125 0.084375 0.025 0.0375
2 0.68359375 0.04921875 0.021875 0.034375
2 0.765625 0.0359375 0.021875 0.03125
2 0.81015625 0.10234375 0.021875 0.0390625
3 0.209375 0.3171875 0.0140625 0.0578125