2 0.37734375 0.71875 0.1421875 0.23125
4 0.18046875 0.640625 0.3078125 0.5046875
3 0.5890625 0.321875 0.0140625 0.071875
3 0.5765625 0.31875 0.0140625 0.0703125
3 0.5453125 0.24375 0.0140625 0.0703125
3 0.50625 0.171875 0.0125 0.053125
2 0.49765625 0.4578125 0.0703125 0.134375
2 0.37109375 0.4234375 0.065625 0.1171875
0 0.3171875 0.30546875 0.04375 0.075
0 0.2609375 0.3734375 0.040625 0.0671875
2 0.478125 0.31640625 0.05625 0.096875
2 0.4890625 0.2546875 0.040625 0.065625
3 0.453125 0.21484375 0.0125 0.0671875
3 0.39296875 0.19375 0.0171875 0.0703125
2 0.4328125 0.25234375 0.040625 0.075
2 0.39453125 0.28515625 0.04375 0.09375
2 0.3703125 0.22265625 0.04375 0.0671875
2 0.38671875 0.14296875 0.034375 0.0578125
2 0.34375 0.14921875 0.03125 0.053125
3 0.39296875 0.0984375 0.009375 0.0390625
2 0.36875 0.08984375 0.021875 0.0453125
2 0.3390625 0.09765625 0.0296875 0.0484375
2 0.31875 0.06640625 0.021875 0.0453125
2 0.3453125 0.04921875 0.0234375 0.0453125
3 0.39453125 0.02265625 0.0078125 0.0359375
3 0.3640625 0.02265625 0.0125 0.0359375
2 0.18984375 0.10078125 0.025 0.040625