1 0.56015625 0.86875 0.8078125 0.259375
3 0.24609375 0.77890625 0.0265625 0.0765625
3 0.0640625 0.4359375 0.053125 0.0828125
3 0.025 0.459375 0.0484375 0.084375
3 0.49609375 0.31015625 0.0171875 0.071875
2 0.37890625 0.25859375 0.04375 0.0671875
2 0.47109375 0.18515625 0.0609375 0.128125
2 0.4109375 0.1875 0.0390625 0.0671875
4 0.35546875 0.1546875 0.053125 0.125
3 0.4234375 0.11640625 0.0125 0.0484375
2 0.3921875 0.11875 0.0203125 0.0484375
2 0.375 0.0640625 0.021875 0.04375
2 0.31640625 0.0453125 0.0171875 0.03125
3 0.76328125 0.31875 0.0171875 0.0640625
3 0.39765625 0.021875 0.0078125 0.0296875
2 0.18984375 0.1 0.021875 0.034375
4 0.34609375 0.0796875 0.040625 0.0796875