2 0.6296875 0.74375 0.121875 0.2328125
2 0.89921875 0.77734375 0.1546875 0.2265625
2 0.7546875 0.578125 0.125 0.16875
2 0.521875 0.37265625 0.059375 0.1515625
2 0.61171875 0.334375 0.0484375 0.103125
2 0.54453125 0.25 0.0453125 0.0765625
0 0.50625 0.2078125 0.0125 0.0625
2 0.62734375 0.22265625 0.04375 0.071875
2 0.5984375 0.165625 0.0359375 0.05625
2 0.6609375 0.1203125 0.028125 0.0484375
3 0.7078125 0.1671875 0.0171875 0.05625
0 0.83984375 0.2609375 0.0171875 0.075
3 0.58203125 0.0578125 0.009375 0.04375
2 0.81015625 0.103125 0.021875 0.040625
3 0.8109375 0.1140625 0.0078125 0.03125