3 0.16953125 0.71171875 0.0578125 0.1390625
3 0.33671875 0.75390625 0.04375 0.18125
2 0.34765625 0.92890625 0.125 0.1390625
3 0.74609375 0.46171875 0.0203125 0.0921875
3 0.6859375 0.31875 0.0171875 0.075
3 0.553125 0.2171875 0.0125 0.0578125
2 0.46171875 0.4234375 0.05625 0.1234375
2 0.37734375 0.38359375 0.0578125 0.1171875
2 0.18984375 0.103125 0.0265625 0.04375
3 0.30625 0.1578125 0.0078125 0.0515625
2 0.43125 0.24296875 0.04375 0.0703125
2 0.365625 0.1890625 0.04375 0.071875
2 0.39296875 0.15390625 0.034375 0.0578125
2 0.3390625 0.11875 0.03125 0.0515625
2 0.3640625 0.0796875 0.0296875 0.0453125
2 0.3234375 0.0734375 0.0296875 0.04375
2 0.34609375 0.0421875 0.0234375 0.0328125