3 0.23828125 0.953125 0.0578125 0.0921875
2 0.3890625 0.86328125 0.1234375 0.253125
2 0.45078125 0.5578125 0.084375 0.159375
2 0.38125 0.43984375 0.075 0.1515625
2 0.490625 0.3734375 0.0578125 0.11875
3 0.95703125 0.62265625 0.0296875 0.1015625
3 0.97109375 0.71171875 0.025 0.1078125
3 0.3296875 0.25390625 0.0125 0.0625
2 0.4265625 0.20078125 0.034375 0.0625
2 0.36640625 0.19609375 0.0390625 0.075
2 0.353125 0.146875 0.03125 0.0515625
2 0.36796875 0.0921875 0.0234375 0.04375
2 0.3265625 0.08046875 0.0265625 0.04375
2 0.1875 0.10234375 0.0265625 0.0390625
2 0.35 0.0421875 0.0234375 0.0390625
2 0.328125 0.0140625 0.0171875 0.0265625