2 0.61171875 0.603125 0.0953125 0.16875
2 0.5328125 0.4640625 0.065625 0.128125
4 0.62109375 0.3484375 0.084375 0.1546875
2 0.45078125 0.3484375 0.0703125 0.103125
3 0.25 0.37109375 0.0203125 0.0765625
2 0.5109375 0.23671875 0.0453125 0.075
2 0.571875 0.22265625 0.0390625 0.0671875
2 0.62109375 0.23046875 0.0390625 0.0703125
2 0.6515625 0.15 0.03125 0.0625
2 0.6046875 0.14921875 0.03125 0.05625
2 0.59140625 0.0953125 0.0296875 0.0390625
2 0.62890625 0.09609375 0.0296875 0.0515625
2 0.671875 0.09375 0.0265625 0.0453125
2 0.64921875 0.05078125 0.0203125 0.0390625
2 0.6828125 0.06640625 0.021875 0.0390625
2 0.81015625 0.1 0.0203125 0.034375
3 0.89453125 0.240625 0.0140625 0.0703125
3 0.6765625 0.24375 0.0140625 0.0609375
3 0.68125 0.2328125 0.0125 0.065625
0 0.7859375 0.08671875 0.0078125 0.0390625