3 0.7296875 0.7640625 0.0625 0.159375
3 0.640625 0.60703125 0.0453125 0.1390625
2 0.63671875 0.453125 0.1015625 0.1859375
3 0.48671875 0.290625 0.0203125 0.0765625
2 0.5984375 0.28984375 0.0453125 0.0890625
2 0.553125 0.25625 0.0390625 0.0796875
3 0.58671875 0.19140625 0.0203125 0.0578125
3 0.671875 0.2859375 0.0140625 0.065625
2 0.63671875 0.19375 0.034375 0.0578125
2 0.61328125 0.125 0.0296875 0.0515625
3 0.6140625 0.08046875 0.0125 0.04375
2 0.6515625 0.13671875 0.034375 0.0625
2 0.65 0.05625 0.021875 0.0453125
2 0.80859375 0.1046875 0.0203125 0.04375
3 0.775 0.12109375 0.0125 0.04375
3 0.521875 0.14921875 0.009375 0.0609375
2 0.64921875 0.03359375 0.021875 0.03125
3 0.7140625 0.115625 0.021875 0.0515625