2 0.646875 0.78828125 0.1203125 0.228125
2 0.81875 0.678125 0.1765625 0.2453125
2 0.4953125 0.521875 0.075 0.153125
2 0.58203125 0.47578125 0.0765625 0.1421875
4 0.59765625 0.30546875 0.0703125 0.1765625
2 0.53515625 0.30390625 0.04375 0.0796875
3 0.41484375 0.31015625 0.0125 0.0703125
3 0.20703125 0.375 0.0171875 0.0671875
3 0.11875 0.475 0.021875 0.09375
0 0.66953125 0.3140625 0.04375 0.075
3 0.946875 0.30078125 0.0203125 0.075
2 0.56875 0.16796875 0.034375 0.05625
2 0.640625 0.19375 0.03125 0.0578125
2 0.615625 0.14296875 0.028125 0.053125
2 0.6546875 0.1296875 0.034375 0.0609375
2 0.64921875 0.0484375 0.021875 0.0390625
2 0.678125 0.07421875 0.021875 0.0390625
3 0.69609375 0.14453125 0.009375 0.0578125
2 0.80859375 0.10234375 0.0203125 0.0390625
3 0.81015625 0.115625 0.009375 0.034375