2 0.625 0.803125 0.1296875 0.23125
2 0.66484375 0.5609375 0.10625 0.1640625
2 0.96953125 0.7671875 0.0609375 0.159375
2 0.490625 0.365625 0.0515625 0.1296875
2 0.58046875 0.196875 0.0390625 0.0671875
2 0.63203125 0.19375 0.034375 0.0703125
2 0.609375 0.13671875 0.0296875 0.0515625
2 0.65 0.13671875 0.034375 0.0578125
2 0.66328125 0.103125 0.028125 0.0484375
2 0.63359375 0.07109375 0.03125 0.040625
2 0.61640625 0.0578125 0.0203125 0.0359375
2 0.68125 0.06015625 0.025 0.0390625
2 0.65859375 0.0328125 0.0171875 0.0296875
2 0.634375 0.02265625 0.0203125 0.0265625
2 0.81015625 0.10078125 0.0203125 0.0359375
3 0.81015625 0.1078125 0.0046875 0.0203125
3 0.740625 0.0796875 0.0125 0.034375