2 0.06171875 0.93046875 0.1234375 0.1265625
2 0.3015625 0.5921875 0.103125 0.16875
2 0.4046875 0.69375 0.128125 0.2484375
2 0.4703125 0.4703125 0.0609375 0.1296875
2 0.39296875 0.36640625 0.053125 0.11875
0 0.34375 0.30546875 0.04375 0.0765625
2 0.3765625 0.234375 0.04375 0.071875
2 0.4203125 0.2015625 0.040625 0.0578125
2 0.39296875 0.134375 0.034375 0.0578125
2 0.33984375 0.13671875 0.03125 0.0515625
2 0.35234375 0.05625 0.034375 0.0609375
3 0.30859375 0.16328125 0.0125 0.0578125
2 0.31875 0.046875 0.0203125 0.0390625
2 0.23046875 0.109375 0.0390625 0.0484375
2 0.18984375 0.0984375 0.021875 0.040625
3 0.1890625 0.115625 0.0125 0.03125