2 0.73203125 0.9109375 0.146875 0.1765625
3 0.2671875 0.91015625 0.0265625 0.1421875
3 0.6625 0.7140625 0.05625 0.1515625
2 0.68515625 0.57421875 0.09375 0.15625
2 0.53984375 0.478125 0.065625 0.134375
2 0.47109375 0.321875 0.0578125 0.084375
2 0.55546875 0.27890625 0.0484375 0.0796875
2 0.609375 0.3453125 0.0484375 0.0953125
0 0.66328125 0.30390625 0.04375 0.0796875
2 0.62890625 0.21484375 0.04375 0.084375
3 0.55078125 0.21171875 0.0125 0.0578125
2 0.58515625 0.20703125 0.04375 0.065625
2 0.53515625 0.19140625 0.0390625 0.0625
3 0.5765625 0.146875 0.0140625 0.05625
2 0.609375 0.14921875 0.034375 0.0484375
2 0.6625 0.134375 0.03125 0.0578125
2 0.62890625 0.10703125 0.0296875 0.040625
3 0.5890625 0.10703125 0.0078125 0.0515625
2 0.67578125 0.0734375 0.0296875 0.0484375
2 0.65390625 0.046875 0.021875 0.0359375
2 0.6625 0.02734375 0.0171875 0.03125
3 0.85 0.19453125 0.0125 0.053125
2 0.81015625 0.10078125 0.025 0.040625