2 0.5265625 0.5 0.0671875 0.1453125
2 0.33515625 0.65 0.128125 0.1921875
2 0.053125 0.7046875 0.103125 0.221875
2 0.446875 0.3703125 0.05625 0.1390625
2 0.396875 0.3140625 0.0484375 0.09375
2 0.4109375 0.18359375 0.04375 0.0671875
2 0.365625 0.2015625 0.0390625 0.0625
2 0.3484375 0.13671875 0.0296875 0.0609375
2 0.37109375 0.0890625 0.0296875 0.0515625
2 0.32578125 0.0875 0.0296875 0.0453125
2 0.32109375 0.05625 0.0234375 0.0359375
2 0.35546875 0.0203125 0.0203125 0.034375
3 0.13125 0.203125 0.0125 0.0484375
2 0.18984375 0.10078125 0.025 0.0359375
3 0.1890625 0.11171875 0.0078125 0.0296875
3 0.28515625 0.11328125 0.0125 0.0453125
3 0.38203125 0.03515625 0.009375 0.0359375
3 0.45078125 0.0921875 0.0078125 0.0375
0 0.21875 0.06875 0.0203125 0.034375