2 0.06640625 0.72109375 0.128125 0.2015625
2 0.3546875 0.7140625 0.1109375 0.2
2 0.33046875 0.47265625 0.0890625 0.146875
3 0.478125 0.446875 0.0671875 0.1390625
2 0.88359375 0.43984375 0.1078125 0.0890625
3 0.63359375 0.3109375 0.021875 0.071875
2 0.51328125 0.27734375 0.0515625 0.0890625
2 0.44609375 0.28828125 0.0515625 0.0859375
2 0.36875 0.209375 0.0390625 0.0625
3 0.31484375 0.2359375 0.0140625 0.0703125
3 0.3234375 0.23671875 0.0171875 0.0578125
3 0.06484375 0.2859375 0.0140625 0.0671875
2 0.18984375 0.103125 0.025 0.040625
3 0.20703125 0.0453125 0.009375 0.0453125
3 0.37734375 0.0984375 0.0125 0.0453125
3 0.3578125 0.0875 0.0078125 0.0453125
2 0.41796875 0.115625 0.0296875 0.0484375
2 0.35234375 0.16015625 0.03125 0.0515625
2 0.33203125 0.103125 0.03125 0.040625
2 0.3328125 0.053125 0.0234375 0.0484375
2 0.3109375 0.03984375 0.021875 0.040625