2 0.35078125 0.53515625 0.0921875 0.1546875
2 0.67578125 0.4203125 0.1203125 0.103125
2 0.484375 0.38359375 0.0484375 0.125
2 0.38359375 0.36796875 0.0609375 0.1234375
2 0.3890625 0.2765625 0.04375 0.071875
2 0.4390625 0.24375 0.0453125 0.075
2 0.459375 0.17890625 0.034375 0.0609375
3 0.45703125 0.140625 0.0125 0.021875
2 0.36171875 0.196875 0.0390625 0.05625
2 0.41015625 0.1875 0.034375 0.0703125
2 0.421875 0.12734375 0.03125 0.04375
2 0.38203125 0.13203125 0.03125 0.053125
2 0.3703125 0.0953125 0.03125 0.04375
2 0.3328125 0.10078125 0.0296875 0.0484375
3 0.3109375 0.1296875 0.0125 0.0484375
2 0.38671875 0.06015625 0.0203125 0.0359375
2 0.35703125 0.0640625 0.0234375 0.034375
2 0.34765625 0.040625 0.0171875 0.0296875
2 0.18984375 0.10078125 0.025 0.0359375
3 0.8453125 0.33046875 0.0140625 0.0609375