2 0.18515625 0.859375 0.1703125 0.2453125
2 0.45546875 0.49140625 0.084375 0.1734375
2 0.25703125 0.540625 0.1109375 0.1515625
2 0.46015625 0.33515625 0.053125 0.0921875
2 0.38671875 0.26171875 0.0453125 0.096875
2 0.44140625 0.2484375 0.0390625 0.0890625
3 0.3421875 0.2609375 0.021875 0.0546875
3 0.365625 0.20703125 0.021875 0.0515625
2 0.39453125 0.14296875 0.034375 0.0484375
2 0.36796875 0.07421875 0.0296875 0.0484375
2 0.3390625 0.10703125 0.0234375 0.04375
2 0.3234375 0.0640625 0.0234375 0.0375
2 0.33671875 0.0203125 0.021875 0.03125
2 0.1890625 0.10078125 0.025 0.040625