3 0.35234375 0.740625 0.0609375 0.15625
4 0.33046875 0.4828125 0.1640625 0.2703125
2 0.4515625 0.35546875 0.0515625 0.1140625
2 0.38359375 0.24765625 0.0484375 0.0921875
2 0.44453125 0.25234375 0.04375 0.084375
3 0.3421875 0.25859375 0.0125 0.065625
2 0.40234375 0.146875 0.0390625 0.075
2 0.35234375 0.1515625 0.0296875 0.0578125
2 0.3640625 0.08046875 0.0265625 0.0390625
2 0.359375 0.046875 0.0171875 0.0296875
2 0.321875 0.06640625 0.0296875 0.04375
3 0.3375 0.05859375 0.0125 0.0484375
2 0.18984375 0.10234375 0.0203125 0.0390625