4 0.74375 0.5828125 0.2265625 0.3609375
3 0.79296875 0.3265625 0.0140625 0.071875
2 0.52890625 0.46484375 0.071875 0.146875
2 0.5953125 0.3265625 0.0484375 0.0984375
2 0.5359375 0.271875 0.059375 0.1078125
2 0.62890625 0.22109375 0.04375 0.084375
4 0.5828125 0.1671875 0.0453125 0.1109375
2 0.64296875 0.16953125 0.03125 0.0578125
2 0.61328125 0.13359375 0.0265625 0.05625
4 0.65859375 0.0953125 0.040625 0.0984375
2 0.63359375 0.07109375 0.0171875 0.04375
3 0.05859375 0.3921875 0.0171875 0.0828125
3 0.41015625 0.27734375 0.0171875 0.0609375
2 0.81015625 0.0984375 0.025 0.0390625