2 0.69921875 0.859375 0.1328125 0.2453125
2 0.5359375 0.4125 0.0578125 0.128125
2 0.59765625 0.31640625 0.0515625 0.09375
3 0.56015625 0.2453125 0.0203125 0.0703125
0 0.65859375 0.30625 0.0390625 0.0828125
2 0.615625 0.2453125 0.0515625 0.0703125
2 0.60546875 0.14453125 0.034375 0.053125
2 0.64921875 0.1515625 0.03125 0.0484375
2 0.63671875 0.08203125 0.0265625 0.04375
2 0.67578125 0.08515625 0.0265625 0.04375
3 0.6875 0.16015625 0.009375 0.05625
2 0.6546875 0.0359375 0.0171875 0.03125
2 0.68515625 0.040625 0.021875 0.0359375
2 0.81015625 0.1 0.021875 0.034375
3 0.8125 0.1140625 0.0125 0.03125