2 0.18515625 0.6453125 0.1546875 0.2046875
2 0.38125 0.6828125 0.10625 0.190625
0 0.1671875 0.37890625 0.0484375 0.0765625
2 0.17578125 0.14296875 0.0359375 0.0515625
2 0.18984375 0.1 0.0265625 0.04375
3 0.2984375 0.1890625 0.0140625 0.05625
3 0.34140625 0.2921875 0.0140625 0.0609375
2 0.415625 0.20546875 0.0359375 0.0671875
2 0.359375 0.1734375 0.03125 0.0671875
2 0.37265625 0.1078125 0.03125 0.0484375
2 0.35078125 0.0421875 0.021875 0.0328125
2 0.3328125 0.0171875 0.0203125 0.03125
3 0.478125 0.15234375 0.009375 0.0515625