2 0.74140625 0.8953125 0.1453125 0.209375
3 0.6 0.72265625 0.0390625 0.165625
2 0.71484375 0.56015625 0.1078125 0.159375
2 0.54296875 0.4515625 0.065625 0.1390625
3 0.53125 0.33984375 0.0171875 0.0890625
2 0.6078125 0.34609375 0.053125 0.11875
3 0.6609375 0.2953125 0.0125 0.0609375
2 0.55546875 0.271875 0.04375 0.0875
2 0.56875 0.20546875 0.0390625 0.0625
2 0.62734375 0.1875 0.040625 0.0796875
3 0.52265625 0.15234375 0.0125 0.0609375
2 0.6671875 0.10546875 0.03125 0.0484375
2 0.6515625 0.04453125 0.0234375 0.0390625
2 0.67890625 0.05390625 0.0203125 0.04375
2 0.8109375 0.1046875 0.025 0.0359375
3 0.725 0.1359375 0.0125 0.0515625
0 0.7078125 0.11328125 0.0234375 0.0453125