2 0.27890625 0.615625 0.0984375 0.165625
2 0.43046875 0.56875 0.0859375 0.1765625
3 0.47109375 0.41015625 0.0203125 0.0984375
3 0.31640625 0.39296875 0.03125 0.0921875
2 0.39765625 0.2796875 0.0484375 0.0875
2 0.35546875 0.1609375 0.0390625 0.06875
3 0.33203125 0.24375 0.0140625 0.0609375
3 0.31953125 0.2453125 0.009375 0.0546875
3 0.62890625 0.30390625 0.0171875 0.071875
2 0.4046875 0.16796875 0.034375 0.05625
3 0.37734375 0.1578125 0.0140625 0.05625
2 0.4234375 0.1359375 0.028125 0.0515625
2 0.40390625 0.09375 0.028125 0.0453125
2 0.33046875 0.109375 0.028125 0.053125
2 0.35703125 0.06640625 0.0265625 0.0390625
2 0.31640625 0.05390625 0.025 0.0359375
2 0.33515625 0.0296875 0.0203125 0.0328125
2 0.36171875 0.02734375 0.025 0.034375
2 0.18984375 0.1 0.025 0.034375
3 0.61875 0.94609375 0.0265625 0.10625