2 0.13125 0.8734375 0.1859375 0.2453125
2 0.39765625 0.6421875 0.1140625 0.1953125
2 0.24140625 0.55859375 0.125 0.178125
2 0.51171875 0.40859375 0.0609375 0.1203125
3 0.49140625 0.28359375 0.0125 0.0828125
2 0.46015625 0.31484375 0.0453125 0.0921875
2 0.3921875 0.30078125 0.04375 0.09375
2 0.42890625 0.2203125 0.04375 0.0703125
2 0.37734375 0.23046875 0.0390625 0.0703125
2 0.35546875 0.165625 0.0390625 0.0671875
3 0.38828125 0.07109375 0.009375 0.04375
2 0.3640625 0.08984375 0.0265625 0.0484375
2 0.33671875 0.12109375 0.0234375 0.0484375
2 0.31953125 0.06484375 0.021875 0.040625
2 0.3453125 0.03125 0.0234375 0.0359375
2 0.18984375 0.10078125 0.021875 0.0359375
3 0.365625 0.025 0.0078125 0.0296875