3 0.12734375 0.46015625 0.021875 0.0828125
3 0.1421875 0.40390625 0.0265625 0.0796875
3 0.1921875 0.38671875 0.0203125 0.0625
3 0.365625 0.33203125 0.0203125 0.075
3 0.40390625 0.2828125 0.0171875 0.0671875
3 0.4640625 0.209375 0.0171875 0.05625
3 0.5203125 0.3421875 0.021875 0.0828125
3 0.5734375 0.30625 0.0203125 0.0765625
3 0.60703125 0.35234375 0.021875 0.096875
3 0.64765625 0.35078125 0.0171875 0.075
3 0.5203125 0.140625 0.0125 0.04375
3 0.86328125 0.328125 0.0140625 0.075
2 0.81015625 0.103125 0.0265625 0.0390625
2 0.62734375 0.2296875 0.04375 0.0828125
2 0.5046875 0.25 0.0515625 0.0984375
2 0.571875 0.209375 0.040625 0.0671875
2 0.53984375 0.18125 0.0390625 0.0609375
2 0.6 0.16796875 0.0390625 0.0578125
2 0.64765625 0.1765625 0.034375 0.0609375
2 0.57109375 0.1234375 0.040625 0.05625
2 0.65859375 0.13828125 0.025 0.0390625
2 0.62265625 0.11640625 0.034375 0.0625
4 0.6046875 0.0609375 0.03125 0.0703125
2 0.66328125 0.1046875 0.0234375 0.03125
3 0.68125 0.12265625 0.009375 0.0515625
2 0.6453125 0.06953125 0.021875 0.034375
2 0.6734375 0.084375 0.021875 0.03125
2 0.65234375 0.04921875 0.0203125 0.0265625
2 0.62734375 0.04296875 0.0171875 0.0265625
2 0.6609375 0.02734375 0.0171875 0.0296875