3 0.3734375 0.71015625 0.0296875 0.1421875
3 0.20703125 0.915625 0.03125 0.1609375
2 0.634375 0.6359375 0.103125 0.1734375
2 0.97578125 0.76171875 0.0484375 0.159375
4 0.63125 0.40859375 0.090625 0.1640625
2 0.525 0.38828125 0.0484375 0.1171875
3 0.54453125 0.29453125 0.0171875 0.0796875
2 0.5140625 0.25234375 0.040625 0.0703125
2 0.6234375 0.228125 0.0484375 0.1015625
2 0.5984375 0.16015625 0.034375 0.0453125
2 0.64921875 0.1546875 0.0390625 0.065625
2 0.62734375 0.1078125 0.03125 0.0484375
2 0.60234375 0.0734375 0.0234375 0.0390625
2 0.640625 0.078125 0.03125 0.05625
2 0.678125 0.0734375 0.0265625 0.0578125
2 0.6515625 0.0453125 0.0171875 0.034375
2 0.8109375 0.10234375 0.025 0.0359375
3 0.48671875 0.1671875 0.0125 0.05625
3 0.50703125 0.15 0.009375 0.040625
2 0.66484375 0.0171875 0.0171875 0.0265625