2 0.11875 0.6765625 0.1640625 0.2421875
3 0.0296875 0.41796875 0.0203125 0.1015625
3 0.303125 0.19921875 0.0140625 0.053125
2 0.43046875 0.4703125 0.0703125 0.125
2 0.525 0.43359375 0.0578125 0.1328125
4 0.3609375 0.3375 0.084375 0.1890625
3 0.553125 0.33515625 0.025 0.0859375
3 0.7015625 0.3140625 0.0171875 0.0625
2 0.4078125 0.19921875 0.04375 0.0796875
2 0.45546875 0.165625 0.0390625 0.075
2 0.42578125 0.134375 0.0296875 0.0484375
2 0.3890625 0.14453125 0.034375 0.075
2 0.35234375 0.15859375 0.0296875 0.053125
2 0.3375 0.10078125 0.03125 0.0578125
2 0.37109375 0.09140625 0.0203125 0.03125
2 0.35 0.040625 0.0359375 0.0453125
3 0.40234375 0.0609375 0.0078125 0.04375
2 0.18984375 0.0984375 0.021875 0.0359375
3 0.18046875 0.1734375 0.0140625 0.0671875