3 0.053125 0.76328125 0.0359375 0.115625
0 0.3421875 0.571875 0.03125 0.125
3 0.15 0.3265625 0.0171875 0.0703125
3 0.16328125 0.32109375 0.0140625 0.0671875
3 0.2921875 0.31484375 0.0171875 0.071875
2 0.78515625 0.61328125 0.1328125 0.1703125
2 0.62109375 0.665625 0.1109375 0.190625
3 0.63828125 0.54296875 0.0390625 0.11875
2 0.60546875 0.38671875 0.053125 0.115625
2 0.53515625 0.321875 0.0515625 0.0890625
2 0.625 0.23203125 0.0390625 0.084375
2 0.56953125 0.23828125 0.04375 0.071875
3 0.6875 0.23828125 0.009375 0.0625
2 0.603125 0.1515625 0.034375 0.0578125
2 0.6421875 0.1765625 0.034375 0.0578125
2 0.6578125 0.1265625 0.028125 0.053125
2 0.64296875 0.0671875 0.0265625 0.04375
2 0.67421875 0.08671875 0.025 0.0453125
2 0.68359375 0.0515625 0.021875 0.0359375
2 0.6546875 0.046875 0.0203125 0.034375
2 0.81015625 0.09765625 0.025 0.0390625