3 0.146875 0.571875 0.075 0.103125
0 0.265625 0.3296875 0.04375 0.071875
2 0.1921875 0.103125 0.025 0.0453125
3 0.4859375 0.30390625 0.0171875 0.0796875
3 0.4359375 0.2828125 0.021875 0.0625
3 0.43125 0.23828125 0.0203125 0.071875
2 0.415625 0.21171875 0.04375 0.0609375
4 0.35546875 0.1734375 0.0453125 0.0875
2 0.42890625 0.1390625 0.04375 0.0609375
2 0.36796875 0.08671875 0.0296875 0.04375
2 0.34375 0.05546875 0.025 0.04375
2 0.36640625 0.0265625 0.0265625 0.0359375
0 0.021875 0.38828125 0.0390625 0.075
3 0.53984375 0.2078125 0.0125 0.05625
2 0.33203125 0.103125 0.03125 0.0453125