4 0.646875 0.76796875 0.159375 0.2640625
2 0.2515625 0.42890625 0.115625 0.096875
2 0.92421875 0.84609375 0.1515625 0.21875
2 0.71171875 0.546875 0.121875 0.1921875
2 0.60703125 0.328125 0.0453125 0.0921875
3 0.515625 0.3546875 0.0171875 0.0890625
3 0.50625 0.2546875 0.0140625 0.0671875
2 0.5515625 0.25625 0.0484375 0.0875
2 0.62734375 0.19609375 0.0359375 0.0609375
2 0.61171875 0.13125 0.0359375 0.0609375
2 0.65390625 0.14296875 0.028125 0.0515625
2 0.66953125 0.0984375 0.0265625 0.04375
2 0.6609375 0.03125 0.0171875 0.03125
2 0.68515625 0.0484375 0.0203125 0.0359375
2 0.80859375 0.09765625 0.021875 0.040625