3 0.078125 0.46171875 0.021875 0.0875
2 0.4734375 0.53359375 0.0671875 0.1421875
2 0.71640625 0.9671875 0.1140625 0.065625
2 0.6390625 0.68984375 0.1078125 0.2015625
2 0.7671875 0.63125 0.1140625 0.178125
3 0.55078125 0.546875 0.0296875 0.1296875
3 0.61328125 0.44921875 0.0265625 0.1015625
0 0.7359375 0.37734375 0.0484375 0.0921875
0 0.68359375 0.30390625 0.0390625 0.075
3 0.521875 0.22734375 0.0171875 0.0671875
3 0.40859375 0.3234375 0.0125 0.0703125
3 0.4515625 0.2515625 0.0125 0.05625
3 0.421875 0.31640625 0.0140625 0.0765625
2 0.81015625 0.10078125 0.0203125 0.04375
2 0.78515625 0.0171875 0.0203125 0.0296875
3 0.54296875 0.2765625 0.0125 0.0515625
2 0.52890625 0.34375 0.05625 0.103125
2 0.61640625 0.328125 0.0484375 0.0890625
2 0.61640625 0.24765625 0.0484375 0.09375
2 0.56953125 0.23203125 0.0453125 0.071875
2 0.6390625 0.1875 0.0390625 0.0671875
2 0.609375 0.146875 0.0359375 0.065625
2 0.66328125 0.12734375 0.028125 0.0515625
2 0.671875 0.0890625 0.0265625 0.0515625
4 0.6234375 0.0609375 0.0578125 0.11875
3 0.5109375 0.14921875 0.009375 0.040625
3 0.66484375 0.0515625 0.009375 0.0171875
2 0.7046875 0.490625 0.103125 0.1390625
3 0.5671875 0.06875 0.0078125 0.0421875