2 0.62265625 0.71875 0.1421875 0.23125
4 0.81953125 0.640625 0.3078125 0.5046875
3 0.4109375 0.321875 0.0140625 0.071875
3 0.4234375 0.31875 0.0140625 0.0703125
3 0.4546875 0.24375 0.0140625 0.0703125
3 0.49375 0.171875 0.0125 0.053125
2 0.50234375 0.4578125 0.0703125 0.134375
2 0.62890625 0.4234375 0.065625 0.1171875
0 0.6828125 0.30546875 0.04375 0.075
0 0.7390625 0.3734375 0.040625 0.0671875
2 0.521875 0.31640625 0.05625 0.096875
2 0.5109375 0.2546875 0.040625 0.065625
3 0.546875 0.21484375 0.0125 0.0671875
3 0.60703125 0.19375 0.0171875 0.0703125
2 0.5671875 0.25234375 0.040625 0.075
2 0.60546875 0.28515625 0.04375 0.09375
2 0.6296875 0.22265625 0.04375 0.0671875
2 0.61328125 0.14296875 0.034375 0.0578125
2 0.65625 0.14921875 0.03125 0.053125
3 0.60703125 0.0984375 0.009375 0.0390625
2 0.63125 0.08984375 0.021875 0.0453125
2 0.6609375 0.09765625 0.028125 0.0484375
2 0.68125 0.06640625 0.021875 0.0453125
2 0.6546875 0.04921875 0.025 0.0453125
3 0.60546875 0.02265625 0.0078125 0.0359375
3 0.6359375 0.02265625 0.0125 0.0359375
2 0.81015625 0.10078125 0.025 0.040625