3 0.1703125 0.334375 0.0140625 0.0625
3 0.18515625 0.328125 0.0171875 0.071875
3 0.58515625 0.23828125 0.0203125 0.0609375
3 0.5296875 0.13359375 0.0078125 0.0515625
3 0.47109375 0.28359375 0.0203125 0.075
3 0.571875 0.12265625 0.0125 0.0515625
2 0.57578125 0.2015625 0.0390625 0.0703125
2 0.6296875 0.20703125 0.0390625 0.0625
2 0.60078125 0.16015625 0.034375 0.0578125
2 0.65390625 0.140625 0.03125 0.065625
2 0.625 0.11171875 0.0265625 0.0484375
2 0.66796875 0.10078125 0.0265625 0.0390625
2 0.6828125 0.04921875 0.0203125 0.0390625
2 0.6515625 0.009375 0.0171875 0.0171875
2 0.8109375 0.10078125 0.021875 0.0359375