2 0.33203125 0.7765625 0.1203125 0.2265625
2 0.10078125 0.875 0.1453125 0.25
2 0.34765625 0.515625 0.0890625 0.15
2 0.43515625 0.40234375 0.05625 0.1109375
2 0.44375 0.27421875 0.0515625 0.084375
2 0.36875 0.2359375 0.04375 0.0828125
2 0.3890625 0.1421875 0.03125 0.053125
3 0.48828125 0.14921875 0.0125 0.05625
2 0.35234375 0.15859375 0.0359375 0.0609375
2 0.36875 0.084375 0.0265625 0.0453125
2 0.33515625 0.10078125 0.028125 0.0484375
2 0.34375 0.0421875 0.0265625 0.0515625
2 0.32109375 0.0625 0.021875 0.0296875
2 0.18984375 0.10546875 0.021875 0.0390625