2 0.75234375 0.91953125 0.15 0.1609375
3 0.9703125 0.81484375 0.05625 0.1203125
2 0.5875 0.62265625 0.09375 0.18125
2 0.47109375 0.5015625 0.0765625 0.1515625
2 0.65625 0.5 0.0828125 0.1328125
2 0.56640625 0.38359375 0.0609375 0.125
2 0.55859375 0.26796875 0.0515625 0.084375
2 0.615625 0.25390625 0.0390625 0.075
2 0.59140625 0.1765625 0.0390625 0.0578125
2 0.6390625 0.1875 0.0390625 0.071875
2 0.615625 0.1203125 0.03125 0.053125
2 0.6609375 0.12265625 0.028125 0.053125
2 0.63671875 0.08046875 0.0265625 0.0390625
2 0.6265625 0.046875 0.025 0.04375
2 0.68046875 0.05390625 0.0234375 0.0484375
2 0.66015625 0.0296875 0.0203125 0.0328125
2 0.81015625 0.0984375 0.025 0.0390625
3 0.19453125 0.9484375 0.03125 0.103125