2 0.26171875 0.57109375 0.15625 0.115625
3 0.078125 0.75 0.03125 0.1234375
2 0.91015625 0.5140625 0.1234375 0.1109375
2 0.80859375 0.10234375 0.0265625 0.04375
3 0.65390625 0.24140625 0.0171875 0.0578125
3 0.375 0.3328125 0.0140625 0.0609375
2 0.525 0.2234375 0.04375 0.0765625
3 0.521875 0.15625 0.0125 0.053125
3 0.55859375 0.1875 0.0125 0.05625
2 0.62265625 0.22265625 0.0359375 0.0625
2 0.57421875 0.234375 0.0390625 0.0703125
2 0.5921875 0.17578125 0.034375 0.0515625
2 0.640625 0.1765625 0.0359375 0.0578125
2 0.64921875 0.13671875 0.0265625 0.04375
2 0.6078125 0.13671875 0.028125 0.0515625
2 0.62109375 0.10546875 0.0296875 0.0484375
2 0.63671875 0.08515625 0.025 0.0484375
2 0.65234375 0.04453125 0.025 0.0390625
2 0.58046875 0.1078125 0.03125 0.0484375
0 0.69140625 0.11328125 0.0265625 0.040625
2 0.68046875 0.0625 0.0234375 0.040625