3 0.58203125 0.77421875 0.040625 0.1765625
3 0.03828125 0.59140625 0.034375 0.09375
2 0.6578125 0.47734375 0.0875 0.146875
2 0.53125 0.3546875 0.0515625 0.0921875
3 0.56640625 0.29296875 0.0171875 0.0828125
3 0.6625 0.2859375 0.0125 0.065625
2 0.60703125 0.259375 0.04375 0.071875
2 0.56015625 0.21640625 0.0578125 0.0765625
2 0.64453125 0.17578125 0.0390625 0.0703125
2 0.60703125 0.15 0.03125 0.05625
2 0.634375 0.0890625 0.0265625 0.05625
2 0.65625 0.1234375 0.0296875 0.0515625
2 0.671875 0.0890625 0.0265625 0.040625
2 0.65625 0.0359375 0.021875 0.040625
2 0.8109375 0.10234375 0.025 0.0390625
4 0.82421875 0.884375 0.24375 0.23125