3 0.8296875 0.6703125 0.1375 0.184375
3 0.62265625 0.53515625 0.0390625 0.1203125
2 0.47109375 0.4828125 0.0625 0.134375
2 0.1390625 0.45546875 0.1078125 0.09375
3 0.2015625 0.390625 0.021875 0.0765625
2 0.4484375 0.3390625 0.0703125 0.0984375
2 0.61875 0.375 0.0625 0.115625
4 0.56484375 0.21484375 0.0890625 0.1515625
2 0.64296875 0.18984375 0.0390625 0.0796875
2 0.66328125 0.12734375 0.0359375 0.0515625
2 0.6203125 0.12734375 0.028125 0.053125
2 0.60234375 0.10703125 0.0234375 0.0515625
2 0.63671875 0.0796875 0.025 0.040625
2 0.61171875 0.05859375 0.0171875 0.0453125
2 0.68125 0.05625 0.025 0.0453125
2 0.646875 0.0515625 0.021875 0.0359375
2 0.63203125 0.0328125 0.0203125 0.034375
2 0.81015625 0.1046875 0.021875 0.04375
2 0.6609375 0.03515625 0.0203125 0.0359375
3 0.67578125 0.240625 0.0078125 0.0609375