2 0.771875 0.61640625 0.1453125 0.1875
2 0.546875 0.52265625 0.0796875 0.1390625
2 0.5953125 0.3484375 0.0515625 0.096875
2 0.62734375 0.2203125 0.04375 0.0671875
2 0.5828125 0.16484375 0.0390625 0.05625
2 0.6359375 0.1109375 0.03125 0.0515625
3 0.68125 0.31015625 0.0125 0.0671875
3 0.69375 0.30390625 0.0171875 0.0671875
3 0.453125 0.23671875 0.0125 0.0671875
3 0.44375 0.2328125 0.0078125 0.0671875
3 0.57578125 0.06640625 0.0078125 0.0390625
3 0.5671875 0.06875 0.0078125 0.040625
3 0.8609375 0.228125 0.009375 0.0609375
3 0.88203125 0.2296875 0.009375 0.0625
2 0.81015625 0.10078125 0.025 0.0359375
3 0.8109375 0.11328125 0.0078125 0.03125