3 0.615625 0.6828125 0.040625 0.1453125
3 0.51796875 0.60703125 0.03125 0.128125
3 0.66484375 0.58046875 0.034375 0.125
2 0.65234375 0.44453125 0.0828125 0.1296875
0 0.41015625 0.37109375 0.0171875 0.10625
3 0.2078125 0.86328125 0.0375 0.1234375
2 0.8109375 0.103125 0.0265625 0.034375
2 0.53828125 0.31875 0.0484375 0.0953125
2 0.50234375 0.2453125 0.04375 0.0765625
2 0.62109375 0.2453125 0.04375 0.09375
2 0.578125 0.21171875 0.0390625 0.0671875
2 0.54453125 0.17890625 0.0359375 0.05625
2 0.65234375 0.15234375 0.03125 0.0515625
2 0.6109375 0.15 0.028125 0.0484375
2 0.57109375 0.1390625 0.028125 0.0515625
2 0.59765625 0.08671875 0.025 0.040625
2 0.625 0.1046875 0.021875 0.0359375
2 0.66328125 0.0984375 0.021875 0.0484375
2 0.63359375 0.0734375 0.0265625 0.0359375
2 0.6515625 0.0421875 0.0203125 0.0328125
2 0.6765625 0.06875 0.021875 0.0375