3 0.8796875 0.603125 0.05625 0.1328125
3 0.61875 0.5296875 0.03125 0.121875
3 0.4953125 0.5421875 0.03125 0.134375
3 0.6515625 0.47265625 0.028125 0.1296875
3 0.55078125 0.4515625 0.0296875 0.1078125
3 0.553125 0.3640625 0.025 0.0890625
3 0.2859375 0.5 0.021875 0.0921875
3 0.21171875 0.81875 0.0375 0.115625
3 0.25 0.8953125 0.0359375 0.128125
3 0.40859375 0.27265625 0.009375 0.0609375
3 0.47578125 0.2859375 0.0171875 0.075
2 0.80859375 0.09765625 0.0203125 0.040625
2 0.75390625 0.015625 0.0203125 0.0265625
2 0.51796875 0.24609375 0.04375 0.075
2 0.6140625 0.2546875 0.0484375 0.075
2 0.5796875 0.19609375 0.0390625 0.071875
2 0.63828125 0.18125 0.034375 0.0703125
2 0.6078125 0.1515625 0.034375 0.0578125
2 0.6234375 0.11640625 0.028125 0.0453125
2 0.6578125 0.146875 0.028125 0.0484375
2 0.65859375 0.1109375 0.0265625 0.0359375
2 0.63203125 0.0765625 0.021875 0.025
2 0.6453125 0.0609375 0.0203125 0.025
2 0.6515625 0.0453125 0.0203125 0.0296875
2 0.6359375 0.0265625 0.0203125 0.0265625
2 0.66953125 0.0921875 0.021875 0.034375
2 0.67890625 0.0734375 0.021875 0.040625
2 0.68359375 0.0515625 0.0203125 0.0265625
2 0.66328125 0.02890625 0.0140625 0.03125
3 0.69921875 0.10703125 0.0078125 0.040625