0 0.5640625 0.91796875 0.0390625 0.1640625
2 0.9421875 0.75859375 0.115625 0.253125
2 0.65625 0.5984375 0.0984375 0.178125
2 0.63671875 0.4015625 0.0703125 0.103125
2 0.38359375 0.38671875 0.0890625 0.1078125
2 0.53515625 0.365625 0.053125 0.09375
2 0.48671875 0.290625 0.05625 0.0828125
2 0.57109375 0.25390625 0.0390625 0.075
2 0.52734375 0.21875 0.04375 0.0671875
2 0.63359375 0.18984375 0.0359375 0.0671875
2 0.58984375 0.1734375 0.0390625 0.0765625
2 0.5875 0.1046875 0.028125 0.0453125
2 0.62734375 0.1078125 0.03125 0.0515625
2 0.65859375 0.12265625 0.0265625 0.05625
4 0.64453125 0.0578125 0.0265625 0.0390625
3 0.6390625 0.025 0.0078125 0.03125
2 0.67890625 0.07421875 0.021875 0.0359375
2 0.81015625 0.1 0.0203125 0.034375