2 0.81796875 0.88046875 0.1765625 0.2390625
2 0.8390625 0.634375 0.1515625 0.184375
2 0.53984375 0.44609375 0.059375 0.13125
2 0.63203125 0.390625 0.065625 0.1421875
3 0.66328125 0.2859375 0.0125 0.065625
3 0.69453125 0.16796875 0.0125 0.0484375
3 0.43359375 0.27265625 0.0140625 0.071875
2 0.55078125 0.26796875 0.04375 0.0765625
2 0.6109375 0.265625 0.0390625 0.065625
2 0.58515625 0.19140625 0.04375 0.0578125
2 0.6421875 0.18515625 0.04375 0.0671875
2 0.5890625 0.14296875 0.028125 0.05625
2 0.759375 0.0953125 0.034375 0.040625
2 0.8109375 0.10078125 0.025 0.0390625
3 0.8171875 0.1109375 0.0140625 0.04375
2 0.63671875 0.08046875 0.025 0.04375
2 0.65625 0.13125 0.0265625 0.0390625
2 0.6734375 0.09140625 0.0265625 0.0390625
2 0.6828125 0.053125 0.0234375 0.034375
2 0.66484375 0.015625 0.0203125 0.0296875
3 0.03359375 0.35078125 0.0171875 0.084375