4 0.69921875 0.7875 0.178125 0.4140625
2 0.72109375 0.521875 0.103125 0.1390625
2 0.5296875 0.4203125 0.0625 0.1140625
2 0.6140625 0.32421875 0.053125 0.1015625
2 0.53984375 0.25 0.0625 0.15625
3 0.6625 0.28984375 0.0125 0.0703125
2 0.6359375 0.19453125 0.040625 0.075
2 0.59140625 0.1734375 0.0359375 0.0578125
3 0.41015625 0.33984375 0.0203125 0.0875
2 0.8109375 0.0984375 0.025 0.034375
3 0.81484375 0.11328125 0.0125 0.0484375
2 0.61875 0.11875 0.028125 0.05625
2 0.65859375 0.11171875 0.0390625 0.0828125
2 0.6515625 0.04296875 0.0171875 0.0296875
2 0.678125 0.06640625 0.021875 0.0390625
3 0.01796875 0.3421875 0.0140625 0.075
3 0.71171875 0.103125 0.0078125 0.04375