2 0.75703125 0.72265625 0.1421875 0.2328125
2 0.546875 0.58046875 0.0984375 0.153125
2 0.54296875 0.44375 0.05625 0.1203125
2 0.45546875 0.4109375 0.05625 0.1234375
2 0.52734375 0.3296875 0.0515625 0.0953125
2 0.615625 0.3546875 0.0515625 0.10625
3 0.37890625 0.31640625 0.0203125 0.075
2 0.6234375 0.2390625 0.040625 0.0703125
2 0.57578125 0.2078125 0.04375 0.075
2 0.6078125 0.14921875 0.034375 0.0609375
2 0.65 0.15 0.0265625 0.0625
2 0.63125 0.103125 0.025 0.040625
2 0.6453125 0.0640625 0.021875 0.034375
3 0.678125 0.06015625 0.0078125 0.040625
2 0.65859375 0.046875 0.0203125 0.03125
3 0.5140625 0.1390625 0.009375 0.0390625
2 0.80859375 0.10078125 0.021875 0.0359375
3 0.7953125 0.03984375 0.0125 0.0359375