3 0.38125 0.75234375 0.0296875 0.134375
3 0.61875 0.80078125 0.0390625 0.18125
3 0.696875 0.7015625 0.04375 0.16875
3 0.65390625 0.36640625 0.021875 0.096875
2 0.57109375 0.4390625 0.0703125 0.1171875
2 0.54921875 0.328125 0.0515625 0.1015625
2 0.484375 0.32109375 0.0515625 0.0921875
2 0.615625 0.2453125 0.04375 0.0703125
2 0.584375 0.2015625 0.0390625 0.0609375
2 0.57109375 0.16484375 0.03125 0.053125
2 0.571875 0.12265625 0.03125 0.040625
2 0.609375 0.13203125 0.0296875 0.0515625
2 0.65 0.1515625 0.03125 0.053125
2 0.603125 0.08046875 0.0265625 0.04375
3 0.603125 0.0921875 0.0078125 0.034375
2 0.6265625 0.109375 0.025 0.04375
2 0.63359375 0.078125 0.0203125 0.0390625
3 0.66015625 0.1 0.0390625 0.05625
2 0.6765625 0.071875 0.0234375 0.05625
2 0.64921875 0.05859375 0.0234375 0.0296875
2 0.6546875 0.0328125 0.021875 0.034375
3 0.6359375 0.19609375 0.021875 0.040625
2 0.81015625 0.10078125 0.0203125 0.0390625
3 0.45078125 0.22265625 0.0125 0.053125