3 0.5890625 0.60234375 0.0390625 0.1390625
3 0.66796875 0.55859375 0.040625 0.1203125
3 0.7703125 0.546875 0.04375 0.11875
3 0.47578125 0.41953125 0.021875 0.10625
3 0.52890625 0.38203125 0.0265625 0.096875
2 0.50390625 0.2953125 0.0453125 0.0859375
2 0.609375 0.290625 0.0484375 0.0765625
2 0.5640625 0.24375 0.0390625 0.075
2 0.634375 0.203125 0.0390625 0.071875
2 0.59140625 0.19375 0.0359375 0.0578125
4 0.6 0.09609375 0.0703125 0.1453125
4 0.6515625 0.103125 0.0390625 0.084375
2 0.678125 0.053125 0.0203125 0.034375
2 0.64921875 0.05546875 0.0203125 0.034375
3 0.2765625 0.41015625 0.0171875 0.071875
3 0.69453125 0.15234375 0.009375 0.053125
2 0.65234375 0.03515625 0.0203125 0.0296875
2 0.6625 0.021875 0.0140625 0.0265625
2 0.68359375 0.04296875 0.021875 0.040625
2 0.81015625 0.10078125 0.0203125 0.03125