2 0.275 0.95625 0.121875 0.0875
2 0.3296875 0.546875 0.1015625 0.15
2 0.48046875 0.55546875 0.0828125 0.159375
2 0.365625 0.4078125 0.0703125 0.1203125
2 0.4625 0.3578125 0.0484375 0.09375
3 0.5 0.3328125 0.0171875 0.0859375
2 0.50703125 0.28125 0.053125 0.0875
2 0.43359375 0.2484375 0.0390625 0.0765625
2 0.3703125 0.225 0.040625 0.065625
2 0.4046875 0.17578125 0.040625 0.053125
2 0.3796875 0.11875 0.0390625 0.0578125
2 0.3421875 0.12109375 0.025 0.0515625
2 0.1890625 0.10234375 0.025 0.0484375
2 0.24609375 0.040625 0.021875 0.034375
4 0.2359375 0.01953125 0.028125 0.0359375
2 0.35703125 0.06875 0.025 0.03125
2 0.321875 0.0765625 0.021875 0.0390625
2 0.34609375 0.0359375 0.021875 0.0296875
2 0.31484375 0.03984375 0.0203125 0.034375
3 0.8953125 0.79296875 0.0265625 0.115625