3 0.7515625 0.93984375 0.0578125 0.11875
4 0.62890625 0.359375 0.11875 0.2359375
4 0.60546875 0.21015625 0.0828125 0.1171875
2 0.5921875 0.1671875 0.0359375 0.05625
2 0.646875 0.17578125 0.034375 0.0625
2 0.615625 0.0984375 0.028125 0.0578125
2 0.6609375 0.11796875 0.028125 0.0578125
4 0.6421875 0.040625 0.028125 0.0765625
2 0.6734375 0.0828125 0.0265625 0.0484375
2 0.0890625 0.4796875 0.11875 0.0984375
3 0.4578125 0.2125 0.009375 0.0609375
3 0.49140625 0.1609375 0.009375 0.0578125
4 0.68046875 0.03359375 0.03125 0.0609375
2 0.81015625 0.0984375 0.021875 0.0359375
3 0.98046875 0.3796875 0.021875 0.075