3 0.6234375 0.2703125 0.0171875 0.0765625
2 0.54296875 0.178125 0.034375 0.0609375
2 0.5734375 0.21171875 0.0390625 0.0640625
3 0.60703125 0.2203125 0.0125 0.0609375
2 0.63671875 0.19375 0.0359375 0.0671875
2 0.64921875 0.15234375 0.034375 0.0578125
2 0.6578125 0.11640625 0.021875 0.0453125
2 0.6671875 0.0984375 0.0265625 0.0484375
2 0.67421875 0.07109375 0.0203125 0.034375
2 0.68046875 0.053125 0.0234375 0.034375
4 0.64296875 0.040625 0.03125 0.0703125
2 0.80859375 0.10234375 0.021875 0.0390625
3 0.6984375 0.18125 0.0171875 0.0578125
3 0.77734375 0.484375 0.0625 0.0890625
3 0.884375 0.51328125 0.065625 0.09375
3 0.9515625 0.3765625 0.04375 0.0828125