2 0.0578125 0.7453125 0.1109375 0.2078125
4 0.36640625 0.56484375 0.2328125 0.521875
3 0.8234375 0.35 0.0171875 0.084375
2 0.5015625 0.3734375 0.0453125 0.125
4 0.43125 0.2171875 0.0453125 0.11875
2 0.359375 0.19140625 0.0359375 0.065625
2 0.46640625 0.21171875 0.03125 0.0609375
2 0.4359375 0.14296875 0.034375 0.0390625
2 0.40234375 0.178125 0.03125 0.0796875
2 0.3453125 0.134375 0.0296875 0.0578125
2 0.36640625 0.08984375 0.03125 0.0484375
2 0.3265625 0.09375 0.0234375 0.040625
2 0.35546875 0.05390625 0.0296875 0.0359375
2 0.31953125 0.0671875 0.021875 0.0359375
2 0.19140625 0.1078125 0.025 0.0484375
3 0.12734375 0.21640625 0.0125 0.05625