3 0.50390625 0.92890625 0.034375 0.1390625
2 0.85 0.65625 0.1390625 0.18125
2 0.65 0.50390625 0.084375 0.1421875
4 0.10703125 0.43515625 0.1953125 0.2109375
3 0.45546875 0.328125 0.0203125 0.0875
2 0.52890625 0.37890625 0.0609375 0.1078125
2 0.60546875 0.31875 0.0515625 0.0890625
2 0.62890625 0.21484375 0.04375 0.065625
3 0.66015625 0.2390625 0.0125 0.0671875
3 0.67578125 0.2453125 0.0125 0.0703125
2 0.62890625 0.0875 0.0265625 0.040625
2 0.671875 0.084375 0.025 0.0359375
2 0.81015625 0.0984375 0.021875 0.034375
3 0.44453125 0.25859375 0.0125 0.0609375