2 0.7296875 0.8734375 0.1921875 0.253125
2 0.80859375 0.71484375 0.1375 0.2171875
2 0.63828125 0.5296875 0.1015625 0.18125
2 0.5359375 0.37890625 0.0515625 0.1109375
2 0.60546875 0.35234375 0.053125 0.103125
2 0.48828125 0.3125 0.0515625 0.0890625
2 0.61875 0.25 0.04375 0.075
2 0.55625 0.24765625 0.0515625 0.09375
2 0.5265625 0.2140625 0.0390625 0.0625
3 0.49296875 0.16015625 0.021875 0.0515625
2 0.8109375 0.10078125 0.0296875 0.0390625
3 0.78125 0.015625 0.0125 0.0265625
2 0.56640625 0.1546875 0.0296875 0.053125
2 0.6140625 0.14296875 0.03125 0.0578125
2 0.6515625 0.14921875 0.0390625 0.06875
2 0.59140625 0.1046875 0.0265625 0.0515625
2 0.6671875 0.10703125 0.0234375 0.040625
2 0.63125 0.09609375 0.0265625 0.0515625
2 0.61328125 0.05859375 0.025 0.0359375
4 0.64296875 0.04296875 0.0265625 0.065625
2 0.68046875 0.06484375 0.021875 0.040625