3 0.9640625 0.75390625 0.0296875 0.0984375
3 0.98203125 0.77421875 0.0265625 0.0984375
2 0.41484375 0.66328125 0.10625 0.2015625
2 0.37734375 0.38671875 0.059375 0.1078125
2 0.4625 0.3453125 0.059375 0.0859375
2 0.50234375 0.25234375 0.0515625 0.0703125
2 0.38828125 0.2640625 0.053125 0.1015625
2 0.43515625 0.2390625 0.040625 0.0703125
2 0.453125 0.18046875 0.0390625 0.053125
2 0.353125 0.178125 0.034375 0.0625
3 0.3703125 0.1546875 0.009375 0.040625
2 0.39453125 0.14921875 0.0265625 0.053125
2 0.43046875 0.13359375 0.034375 0.0625
3 0.5140625 0.18359375 0.0125 0.05625
2 0.4078125 0.0953125 0.025 0.040625
2 0.37734375 0.1109375 0.0203125 0.0359375
2 0.334375 0.1078125 0.028125 0.0484375
3 0.37734375 0.0734375 0.0140625 0.03125
2 0.36171875 0.084375 0.0203125 0.04375
2 0.353125 0.06484375 0.0203125 0.0359375
2 0.32578125 0.0796875 0.028125 0.034375
2 0.18984375 0.103125 0.025 0.040625
3 0.1890625 0.1109375 0.009375 0.0296875
2 0.3171875 0.05546875 0.0265625 0.040625
2 0.3453125 0.0359375 0.0265625 0.0359375