3 0.91484375 0.31484375 0.0171875 0.0828125
2 0.7078125 0.553125 0.1328125 0.18125
2 0.5609375 0.43359375 0.071875 0.1640625
2 0.61328125 0.33671875 0.0484375 0.096875
2 0.48828125 0.29296875 0.0453125 0.1015625
2 0.56484375 0.25234375 0.04375 0.075
2 0.52890625 0.21875 0.0390625 0.0671875
3 0.69140625 0.2328125 0.0125 0.0609375
3 0.5453125 0.1546875 0.0125 0.0484375
2 0.609375 0.13203125 0.04375 0.0953125
2 0.65234375 0.1578125 0.0296875 0.0578125
2 0.62734375 0.21484375 0.04375 0.0796875
2 0.6671875 0.10546875 0.034375 0.0625
2 0.63671875 0.078125 0.03125 0.0484375
2 0.6859375 0.05078125 0.021875 0.0359375
2 0.65390625 0.03515625 0.025 0.0359375
2 0.671875 0.015625 0.0203125 0.0265625
2 0.81015625 0.0984375 0.021875 0.034375
3 0.81953125 0.1703125 0.0140625 0.0578125
3 0.59765625 0.05546875 0.009375 0.0359375