2 0.43046875 0.56484375 0.084375 0.153125
2 0.240625 0.63359375 0.1375 0.1703125
3 0.94453125 0.83515625 0.025 0.096875
3 0.90390625 0.80859375 0.034375 0.0796875
3 0.74609375 0.32109375 0.025 0.065625
3 0.49375 0.40390625 0.025 0.0984375
2 0.38359375 0.40390625 0.0625 0.1109375
2 0.45703125 0.3125 0.0578125 0.10625
0 0.33046875 0.3125 0.0453125 0.0671875
3 0.14765625 0.1921875 0.0171875 0.0640625
3 0.13671875 0.19453125 0.0125 0.05625
3 0.12734375 0.19375 0.0140625 0.0578125
2 0.18984375 0.10078125 0.025 0.0484375
3 0.1890625 0.109375 0.0125 0.0359375
3 0.3015625 0.146875 0.0125 0.0484375
2 0.44375 0.15859375 0.028125 0.053125
3 0.4125 0.1578125 0.0125 0.065625
2 0.384375 0.24296875 0.034375 0.0625
2 0.3859375 0.1890625 0.034375 0.0515625
2 0.33671875 0.10234375 0.028125 0.0625
2 0.3796875 0.1203125 0.034375 0.053125
2 0.3953125 0.10234375 0.0234375 0.0390625
2 0.3640625 0.07421875 0.0203125 0.0359375
2 0.3703125 0.0375 0.0265625 0.0296875
4 0.31875 0.04921875 0.0359375 0.05625