2 0.0484375 0.7515625 0.096875 0.184375
3 0.20078125 0.59609375 0.05625 0.128125
4 0.37265625 0.734375 0.159375 0.3828125
2 0.4734375 0.4984375 0.0625 0.1296875
2 0.34765625 0.4375 0.0765625 0.1203125
2 0.4625 0.3390625 0.0515625 0.096875
0 0.6265625 0.36875 0.040625 0.0765625
3 0.3953125 0.30546875 0.0171875 0.075
2 0.38125 0.240625 0.0453125 0.0671875
2 0.44453125 0.171875 0.0390625 0.053125
2 0.35546875 0.16015625 0.034375 0.0578125
2 0.38125 0.1109375 0.034375 0.053125
2 0.3296875 0.0765625 0.0265625 0.040625
2 0.3453125 0.0296875 0.025 0.0390625
3 0.3421875 0.053125 0.0078125 0.0390625
2 0.18984375 0.0984375 0.0203125 0.0359375