2 0.36640625 0.78984375 0.1234375 0.2484375
2 0.4578125 0.52265625 0.0671875 0.1421875
2 0.3640625 0.43046875 0.0703125 0.128125
2 0.49296875 0.24140625 0.0484375 0.0765625
2 0.43515625 0.25859375 0.0484375 0.075
2 0.38203125 0.25625 0.040625 0.071875
2 0.35703125 0.1625 0.0359375 0.0625
2 0.39296875 0.11875 0.04375 0.1015625
4 0.375 0.0453125 0.0359375 0.0765625
3 0.3140625 0.22265625 0.0171875 0.0578125
3 0.3109375 0.1234375 0.009375 0.0515625
3 0.15234375 0.18046875 0.009375 0.053125
2 0.18984375 0.1 0.0203125 0.04375
3 0.35 0.0796875 0.009375 0.0453125
3 0.3390625 0.03359375 0.009375 0.034375