2 0.69921875 0.5375 0.1015625 0.15
3 0.94453125 0.7953125 0.0828125 0.16875
3 0.7453125 0.3015625 0.0234375 0.0625
3 0.75625 0.3078125 0.0125 0.065625
3 0.4515625 0.2359375 0.0125 0.071875
3 0.47578125 0.18984375 0.009375 0.0484375
3 0.6 0.046875 0.0078125 0.034375
3 0.93984375 0.28828125 0.0125 0.065625
3 0.93125 0.2796875 0.009375 0.0625
2 0.8109375 0.103125 0.025 0.0359375
3 0.8125 0.11640625 0.0078125 0.034375
2 0.625 0.384375 0.0609375 0.1140625
2 0.60078125 0.2984375 0.0484375 0.0828125
2 0.61640625 0.2234375 0.04375 0.0828125
2 0.61171875 0.12109375 0.0265625 0.04375
2 0.6703125 0.08671875 0.0265625 0.04375