0 0.4359375 0.91796875 0.0390625 0.1640625
2 0.0578125 0.75859375 0.115625 0.253125
2 0.34375 0.5984375 0.0984375 0.178125
2 0.36328125 0.4015625 0.0703125 0.103125
2 0.61640625 0.38671875 0.0890625 0.1078125
2 0.46484375 0.365625 0.053125 0.09375
2 0.51328125 0.290625 0.05625 0.0828125
2 0.42890625 0.25390625 0.0390625 0.075
2 0.47265625 0.21875 0.04375 0.0671875
2 0.36640625 0.18984375 0.0359375 0.0671875
2 0.41015625 0.1734375 0.0390625 0.0765625
2 0.4125 0.1046875 0.028125 0.0453125
2 0.37265625 0.1078125 0.03125 0.0515625
2 0.34140625 0.12265625 0.0265625 0.05625
4 0.35546875 0.0578125 0.0265625 0.0390625
3 0.3609375 0.025 0.0078125 0.03125
2 0.32109375 0.07421875 0.021875 0.0359375
2 0.18984375 0.1 0.0203125 0.034375