3 0.05859375 0.83515625 0.0875 0.1640625
2 0.26171875 0.553125 0.128125 0.18125
2 0.50625 0.61640625 0.0984375 0.178125
3 0.84140625 0.71640625 0.03125 0.1109375
3 0.5484375 0.44921875 0.021875 0.115625
3 0.51171875 0.384375 0.0171875 0.0890625
0 0.3375 0.30078125 0.04375 0.084375
2 0.43984375 0.4796875 0.0703125 0.1328125
2 0.39296875 0.3171875 0.0484375 0.0921875
2 0.46015625 0.32109375 0.0515625 0.0828125
2 0.4265625 0.2296875 0.040625 0.0671875
2 0.36796875 0.19375 0.04375 0.0875
2 0.3921875 0.15390625 0.034375 0.0515625
2 0.34375 0.12890625 0.0296875 0.0515625
2 0.375 0.109375 0.03125 0.04375
2 0.328125 0.08984375 0.03125 0.040625
2 0.33984375 0.05390625 0.025 0.04375
2 0.35703125 0.0171875 0.0203125 0.034375
2 0.33671875 0.01953125 0.0140625 0.0265625
2 0.31015625 0.046875 0.0171875 0.03125
2 0.18984375 0.10078125 0.025 0.0390625