2 0.20703125 0.7234375 0.1375 0.1953125
0 0.5609375 0.3421875 0.0390625 0.0828125
3 0.4109375 0.30625 0.0234375 0.071875
3 0.51796875 0.2796875 0.0140625 0.0625
3 0.53125 0.196875 0.0140625 0.0578125
3 0.271875 0.11640625 0.0125 0.0484375
3 0.25859375 0.11640625 0.0125 0.0484375
2 0.18984375 0.09765625 0.0265625 0.0359375
2 0.415625 0.196875 0.0390625 0.0609375
2 0.3640625 0.1984375 0.0359375 0.0671875
2 0.39765625 0.1546875 0.0390625 0.0625
2 0.353125 0.15234375 0.0390625 0.0609375
2 0.3796875 0.11328125 0.03125 0.040625
2 0.34375 0.11640625 0.0265625 0.0390625
2 0.359375 0.07421875 0.0265625 0.040625
2 0.328125 0.084375 0.0296875 0.04375
2 0.359375 0.03828125 0.0265625 0.0359375
2 0.31875 0.053125 0.0203125 0.0359375