2 0.20078125 0.6453125 0.1375 0.1796875
2 0.48828125 0.46640625 0.0578125 0.134375
2 0.37890625 0.40234375 0.0671875 0.1328125
3 0.459375 0.3421875 0.025 0.09375
3 0.39453125 0.290625 0.0484375 0.084375
2 0.46875 0.19375 0.0390625 0.065625
2 0.4046875 0.16796875 0.0359375 0.0609375
2 0.3703125 0.20703125 0.0359375 0.071875
2 0.34375 0.14453125 0.0265625 0.0515625
3 0.33046875 0.2546875 0.0125 0.0625
3 0.34609375 0.29296875 0.0125 0.075
3 0.09765625 0.26953125 0.009375 0.0671875
2 0.18984375 0.0984375 0.0265625 0.034375
4 0.32578125 0.05078125 0.034375 0.075
3 0.428125 0.05859375 0.009375 0.040625