2 0.2328125 0.6671875 0.1328125 0.1953125
3 0.84375 0.8390625 0.0359375 0.1203125
2 0.38359375 0.41796875 0.0703125 0.134375
2 0.390625 0.2703125 0.04375 0.075
2 0.43046875 0.21484375 0.0359375 0.065625
3 0.44375 0.1625 0.0125 0.0515625
3 0.484375 0.14921875 0.009375 0.0609375
3 0.30390625 0.19921875 0.0140625 0.053125
2 0.3421875 0.12890625 0.028125 0.0515625
2 0.34609375 0.02265625 0.021875 0.0359375
2 0.3171875 0.05078125 0.0171875 0.034375
3 0.06640625 0.27890625 0.0171875 0.0671875
2 0.19140625 0.10078125 0.0203125 0.034375