2 0.603125 0.66015625 0.10625 0.1953125
2 0.76328125 0.6109375 0.15 0.2078125
3 0.32421875 0.71484375 0.0296875 0.1203125
3 0.68515625 0.49296875 0.0359375 0.103125
3 0.475 0.21015625 0.0171875 0.065625
3 0.853125 0.1734375 0.0125 0.0609375
2 0.81015625 0.10078125 0.025 0.0359375
2 0.61796875 0.34375 0.0671875 0.159375
2 0.540625 0.4203125 0.0578125 0.1203125
2 0.62109375 0.23671875 0.04375 0.065625
2 0.58671875 0.19140625 0.04375 0.084375
2 0.65234375 0.15390625 0.0296875 0.0484375
3 0.63203125 0.12734375 0.0125 0.0484375
2 0.6359375 0.08984375 0.0265625 0.04375
2 0.6703125 0.10078125 0.025 0.040625
2 0.6828125 0.06015625 0.021875 0.0359375
2 0.6703125 0.0203125 0.0171875 0.0265625
3 0.6765625 0.24140625 0.0125 0.065625