3 0.31875 0.8953125 0.0390625 0.128125
3 0.475 0.94609375 0.1078125 0.10625
2 0.6546875 0.7359375 0.128125 0.2234375
2 0.68515625 0.48828125 0.0875 0.134375
2 0.5578125 0.4234375 0.065625 0.1203125
0 0.7484375 0.38203125 0.0484375 0.0828125
0 0.6828125 0.30078125 0.04375 0.075
2 0.6078125 0.26796875 0.04375 0.084375
2 0.55546875 0.2390625 0.0484375 0.0765625
2 0.6078125 0.14765625 0.034375 0.05625
2 0.63671875 0.19140625 0.034375 0.0609375
2 0.65625 0.12890625 0.0265625 0.0484375
2 0.6234375 0.0984375 0.0265625 0.0390625
2 0.6453125 0.06484375 0.021875 0.040625
2 0.67578125 0.06640625 0.0296875 0.0453125
3 0.46171875 0.203125 0.0125 0.05625
3 0.5296875 0.1109375 0.0078125 0.0515625
2 0.81015625 0.0984375 0.021875 0.0390625
3 0.8859375 0.25390625 0.009375 0.0609375
2 0.6578125 0.03984375 0.0203125 0.0296875
3 0.96875 0.29921875 0.0125 0.0546875