2 0.66015625 0.7515625 0.1390625 0.2265625
2 0.7234375 0.646875 0.1109375 0.18125
3 0.81953125 0.6109375 0.0625 0.1453125
3 0.5609375 0.5421875 0.028125 0.1328125
2 0.62109375 0.37890625 0.05625 0.115625
2 0.53984375 0.32421875 0.0546875 0.1109375
2 0.62265625 0.22734375 0.0390625 0.0625
3 0.696875 0.22578125 0.0140625 0.0625
2 0.646875 0.15859375 0.034375 0.0484375
2 0.58203125 0.125 0.0296875 0.053125
2 0.62734375 0.1109375 0.028125 0.0484375
2 0.66796875 0.09609375 0.0296875 0.0375
3 0.6625 0.0421875 0.009375 0.040625
2 0.6671875 0.02890625 0.021875 0.03125
3 0.3421875 0.31875 0.0125 0.0671875
2 0.8109375 0.10078125 0.025 0.0359375