2 0.4171875 0.625 0.0890625 0.178125
2 0.2859375 0.6109375 0.1171875 0.1921875
2 0.48046875 0.4078125 0.053125 0.1171875
2 0.38671875 0.38671875 0.065625 0.128125
2 0.46484375 0.27734375 0.04375 0.0796875
2 0.4234375 0.209375 0.0390625 0.0703125
2 0.384375 0.24140625 0.040625 0.0765625
2 0.3890625 0.1390625 0.034375 0.0609375
2 0.36328125 0.08046875 0.0265625 0.04375
2 0.3265625 0.09375 0.03125 0.0453125
3 0.38203125 0.05390625 0.0078125 0.0390625
3 0.54921875 0.23203125 0.0125 0.0671875
3 0.46640625 0.1078125 0.0078125 0.04375
2 0.3484375 0.053125 0.0234375 0.04375
2 0.3171875 0.04921875 0.021875 0.0296875
2 0.33671875 0.0203125 0.0140625 0.025
2 0.23671875 0.02421875 0.0203125 0.0296875
2 0.18984375 0.09609375 0.025 0.040625
3 0.1875 0.115625 0.009375 0.034375
3 0.12890625 0.2015625 0.0125 0.0515625
3 0.12109375 0.27890625 0.0125 0.0609375
3 0.10703125 0.2796875 0.0125 0.0578125