3 0.05859375 0.77890625 0.0265625 0.1328125
3 0.3765625 0.7125 0.0328125 0.1375
3 0.484375 0.178125 0.009375 0.0578125
3 0.51953125 0.12109375 0.0078125 0.0484375
2 0.81015625 0.1 0.021875 0.0359375
3 0.88828125 0.23828125 0.0125 0.0625
3 0.6359375 0.02421875 0.0078125 0.03125
3 0.609375 0.0890625 0.0125 0.040625
2 0.6546875 0.03359375 0.0171875 0.03125
4 0.6703125 0.07421875 0.0390625 0.075
2 0.63671875 0.07109375 0.025 0.04375
2 0.6109375 0.134375 0.03125 0.0484375
2 0.61796875 0.2328125 0.040625 0.1015625
2 0.58203125 0.1984375 0.04375 0.0765625
2 0.56015625 0.2640625 0.0484375 0.071875
2 0.63125 0.4046875 0.0796875 0.1296875
2 0.5203125 0.3609375 0.0515625 0.103125
2 0.4890625 0.271875 0.0515625 0.084375
2 0.609375 0.69375 0.11875 0.1953125
2 0.83046875 0.65 0.1828125 0.259375