2 0.24296875 0.42578125 0.1140625 0.0890625
2 0.66484375 0.6453125 0.128125 0.2109375
2 0.83671875 0.6546875 0.134375 0.178125
2 0.53515625 0.4171875 0.05625 0.1296875
2 0.4703125 0.3703125 0.0515625 0.1203125
2 0.62734375 0.39296875 0.0703125 0.1375
2 0.509375 0.25703125 0.0484375 0.0859375
2 0.55625 0.27890625 0.0484375 0.10625
2 0.609375 0.27265625 0.04375 0.084375
2 0.640625 0.18125 0.034375 0.0609375
2 0.54296875 0.178125 0.040625 0.0609375
4 0.5828125 0.17421875 0.04375 0.11875
2 0.66796875 0.08984375 0.034375 0.0625
4 0.640625 0.05859375 0.0296875 0.0796875
2 0.6203125 0.053125 0.0203125 0.0359375
2 0.6609375 0.0359375 0.0203125 0.04375
2 0.64921875 0.0109375 0.0171875 0.021875
2 0.81015625 0.1 0.021875 0.034375
3 0.946875 0.30078125 0.0171875 0.0671875
3 0.96484375 0.3015625 0.0140625 0.0671875