2 0.32421875 0.73828125 0.1390625 0.209375
4 0.08046875 0.7453125 0.1609375 0.3515625
2 0.35 0.4796875 0.084375 0.146875
2 0.4578125 0.36640625 0.0609375 0.128125
2 0.38671875 0.2484375 0.04375 0.0703125
2 0.42890625 0.20703125 0.04375 0.071875
3 0.29921875 0.19453125 0.0125 0.05625
3 0.365625 0.20078125 0.0171875 0.0671875
3 0.3890625 0.13125 0.009375 0.0515625
2 0.35 0.1546875 0.0296875 0.053125
2 0.35703125 0.05625 0.0265625 0.0453125
2 0.32421875 0.084375 0.025 0.0375
2 0.31640625 0.04921875 0.021875 0.034375
2 0.234375 0.0359375 0.021875 0.03125
2 0.18984375 0.10234375 0.021875 0.0390625
3 0.790625 0.3171875 0.0140625 0.0578125