2 0.2296875 0.6 0.1203125 0.159375
2 0.0640625 0.8390625 0.1234375 0.2109375
2 0.4125 0.54453125 0.0890625 0.15625
2 0.5359375 0.41953125 0.0609375 0.115625
3 0.44453125 0.39765625 0.0203125 0.1140625
2 0.8640625 0.46015625 0.1109375 0.0984375
3 0.796875 0.4046875 0.0515625 0.0765625
2 0.53125 0.2921875 0.0609375 0.0859375
2 0.4640625 0.30546875 0.053125 0.096875
2 0.39921875 0.3390625 0.053125 0.0984375
3 0.296875 0.19609375 0.0171875 0.0578125
2 0.37109375 0.22578125 0.04375 0.071875
2 0.415625 0.19453125 0.0453125 0.0671875
2 0.384375 0.12890625 0.03125 0.0484375
2 0.36875 0.0921875 0.0265625 0.034375
2 0.328125 0.0953125 0.03125 0.04375
2 0.31875 0.06640625 0.0265625 0.0359375
2 0.390625 0.06015625 0.0296875 0.04375
3 0.72734375 0.32421875 0.0125 0.071875
3 0.61875 0.31640625 0.0125 0.0765625
3 0.41796875 0.0515625 0.0078125 0.04375
2 0.18984375 0.1 0.021875 0.034375
3 0.2546875 0.0359375 0.009375 0.0359375
3 0.36640625 0.0484375 0.0078125 0.03125
2 0.3375 0.01796875 0.0171875 0.0296875
2 0.36171875 0.02734375 0.0203125 0.0265625