2 0.69375 0.50234375 0.1453125 0.2390625
0 0.80625 0.22109375 0.0171875 0.0671875
3 0.5296875 0.2796875 0.025 0.0796875
3 0.64765625 0.26171875 0.0171875 0.0609375
2 0.61328125 0.13125 0.034375 0.05625
2 0.64765625 0.140625 0.040625 0.0703125
2 0.6390625 0.07578125 0.03125 0.05625
3 0.09140625 0.41328125 0.025 0.0796875
3 0.603125 0.0203125 0.003125 0.0296875
3 0.60703125 0.02265625 0.0046875 0.0296875
3 0.67890625 0.1671875 0.009375 0.0515625
3 0.68359375 0.13125 0.009375 0.0515625
2 0.66484375 0.109375 0.03125 0.053125
2 0.6734375 0.08203125 0.028125 0.0453125
2 0.68515625 0.05078125 0.021875 0.034375
2 0.81015625 0.0984375 0.025 0.0359375
3 0.8125 0.1140625 0.0125 0.034375