2 0.334375 0.0984375 0.03125 0.05625
2 0.18984375 0.0984375 0.0203125 0.0359375
3 0.46171875 0.10078125 0.0078125 0.034375
2 0.39296875 0.1359375 0.03125 0.0484375
2 0.3546875 0.015625 0.0265625 0.03125
2 0.353125 0.16328125 0.0328125 0.0625
3 0.509375 0.18125 0.0078125 0.0578125
3 0.134375 0.1890625 0.009375 0.05625
3 0.4625 0.19453125 0.0171875 0.0625
3 0.14921875 0.19453125 0.0125 0.0625
2 0.42578125 0.19609375 0.0359375 0.071875
4 0.38359375 0.2171875 0.0625 0.153125
3 0.44921875 0.240625 0.0171875 0.0625
2 0.4625 0.31875 0.0515625 0.0890625
2 0.44921875 0.4484375 0.0703125 0.1453125
2 0.3171875 0.0453125 0.021875 0.0390625
2 0.39765625 0.584375 0.09375 0.159375
2 0.35703125 0.0671875 0.0265625 0.0359375
3 0.6234375 0.71015625 0.034375 0.134375
2 0.40859375 0.81640625 0.1296875 0.240625