3 0.76171875 0.953125 0.0578125 0.0921875
2 0.6109375 0.86328125 0.121875 0.253125
2 0.54921875 0.5578125 0.084375 0.159375
2 0.61875 0.43984375 0.075 0.1515625
2 0.509375 0.3734375 0.0578125 0.11875
3 0.04296875 0.62265625 0.0296875 0.1015625
3 0.02890625 0.71171875 0.0234375 0.1078125
3 0.6703125 0.25390625 0.0125 0.0625
2 0.5734375 0.20078125 0.034375 0.0625
2 0.63359375 0.19609375 0.0390625 0.075
2 0.646875 0.146875 0.03125 0.0515625
2 0.63203125 0.0921875 0.0234375 0.04375
2 0.6734375 0.08046875 0.0265625 0.04375
2 0.8125 0.10234375 0.0265625 0.0390625
2 0.65 0.0421875 0.025 0.0390625
2 0.671875 0.0140625 0.0171875 0.0265625