2 0.88359375 0.8078125 0.1921875 0.240625
2 0.55625 0.5921875 0.0875 0.16875
2 0.65234375 0.47265625 0.084375 0.134375
2 0.5984375 0.31484375 0.0546875 0.1109375
2 0.53359375 0.29296875 0.0515625 0.0875
3 0.64921875 0.28828125 0.0125 0.0671875
3 0.4703125 0.24296875 0.0125 0.0671875
3 0.46015625 0.22578125 0.0125 0.0578125
3 0.540625 0.21171875 0.0171875 0.0640625
2 0.646875 0.1703125 0.0359375 0.065625
2 0.584375 0.19375 0.0390625 0.0703125
2 0.62109375 0.11875 0.034375 0.05625
2 0.6390625 0.0734375 0.0265625 0.040625
2 0.6765625 0.078125 0.0234375 0.0390625
3 0.69921875 0.13359375 0.009375 0.05625
2 0.81015625 0.1 0.025 0.034375
2 0.65859375 0.03515625 0.021875 0.034375
2 0.6859375 0.046875 0.025 0.034375
2 0.671875 0.0109375 0.0203125 0.0203125