3 0.1875 0.91484375 0.034375 0.15625
3 0.10234375 0.5484375 0.025 0.0875
2 0.33046875 0.43125 0.10625 0.1078125
3 0.40859375 0.321875 0.0140625 0.0671875
3 0.45546875 0.2359375 0.0125 0.0625
3 0.44375 0.228125 0.0140625 0.0609375
2 0.728125 0.57578125 0.11875 0.1734375
2 0.60078125 0.4328125 0.059375 0.1328125
0 0.67890625 0.30625 0.0390625 0.075
2 0.5203125 0.37890625 0.0609375 0.1109375
2 0.55859375 0.26171875 0.0390625 0.0890625
2 0.62109375 0.2390625 0.04375 0.0828125
2 0.59609375 0.1765625 0.04375 0.06875
2 0.6140625 0.10546875 0.03125 0.0484375
4 0.66015625 0.08046875 0.040625 0.1203125
3 0.5140625 0.134375 0.0125 0.04375
3 0.57421875 0.06015625 0.0078125 0.0359375
2 0.80859375 0.10234375 0.025 0.04375
2 0.6390625 0.05390625 0.0140625 0.040625
2 0.6859375 0.06015625 0.0203125 0.0359375