2 0.4015625 0.5421875 0.10625 0.1453125
2 0.09140625 0.890625 0.178125 0.2171875
3 0.546875 0.2328125 0.0125 0.075
2 0.45546875 0.21171875 0.0515625 0.0796875
2 0.36328125 0.18125 0.034375 0.0515625
2 0.4078125 0.11171875 0.028125 0.0375
2 0.33046875 0.0875 0.0265625 0.0453125
2 0.3171875 0.053125 0.021875 0.0390625
2 0.33984375 0.0359375 0.021875 0.0390625
2 0.36875 0.0328125 0.021875 0.0296875
3 0.43984375 0.09140625 0.0078125 0.0453125
3 0.44921875 0.08984375 0.009375 0.0484375
3 0.3265625 0.31484375 0.009375 0.0640625
3 0.31953125 0.30625 0.0125 0.0625
3 0.14296875 0.18984375 0.0125 0.0515625
3 0.12734375 0.19140625 0.0125 0.0484375
2 0.18984375 0.1 0.025 0.0375
3 0.1890625 0.115625 0.0078125 0.03125