2 0.05546875 0.803125 0.10625 0.2015625
2 0.359375 0.50859375 0.0875 0.1453125
2 0.4515625 0.3453125 0.0515625 0.1015625
2 0.365625 0.2078125 0.040625 0.0828125
2 0.4734375 0.16484375 0.0453125 0.06875
2 0.4 0.14921875 0.03125 0.0578125
2 0.34609375 0.15390625 0.0296875 0.0609375
2 0.4078125 0.0984375 0.0296875 0.04375
2 0.3328125 0.1078125 0.021875 0.04375
2 0.321875 0.06484375 0.0203125 0.0359375
2 0.3453125 0.046875 0.0234375 0.0484375
3 0.58984375 0.33046875 0.009375 0.0671875
2 0.18984375 0.1046875 0.0265625 0.04375