3 0.0734375 0.72734375 0.0765625 0.15625
2 0.38125 0.4171875 0.0671875 0.11875
2 0.5 0.4703125 0.065625 0.1375
2 0.44921875 0.359375 0.0515625 0.1078125
2 0.43984375 0.2609375 0.0484375 0.0796875
2 0.37890625 0.24296875 0.04375 0.071875
2 0.4640625 0.19375 0.040625 0.0609375
2 0.4046875 0.1703125 0.034375 0.0578125
2 0.43515625 0.134375 0.025 0.0484375
2 0.353125 0.146875 0.028125 0.0609375
2 0.384375 0.11875 0.028125 0.0515625
2 0.41015625 0.1109375 0.025 0.0515625
2 0.39765625 0.0671875 0.0265625 0.04375
2 0.3640625 0.08046875 0.0203125 0.04375
2 0.33515625 0.10703125 0.0265625 0.04375
2 0.32421875 0.08046875 0.0296875 0.0453125
2 0.35234375 0.06015625 0.021875 0.0390625
4 0.34140625 0.025 0.028125 0.0390625
3 0.1390625 0.21171875 0.009375 0.0578125
3 0.13828125 0.18984375 0.0125 0.053125
3 0.1734375 0.0953125 0.0078125 0.0484375
2 0.1890625 0.10078125 0.025 0.040625
3 0.1875 0.1140625 0.009375 0.034375