3 0.9796875 0.71484375 0.0296875 0.1234375
3 0.58203125 0.31875 0.0171875 0.0828125
3 0.1625 0.625 0.05625 0.1328125
3 0.19453125 0.5609375 0.0515625 0.10625
2 0.42578125 0.62734375 0.096875 0.1734375
2 0.3546875 0.446875 0.0828125 0.134375
3 0.334375 0.290625 0.0125 0.071875
2 0.39453125 0.31875 0.0484375 0.0890625
2 0.43359375 0.22109375 0.04375 0.0671875
2 0.38125 0.234375 0.0390625 0.0796875
2 0.4 0.16015625 0.034375 0.0515625
2 0.35703125 0.1671875 0.0390625 0.0625
4 0.375 0.0828125 0.04375 0.0921875
2 0.3328125 0.1140625 0.028125 0.0515625
2 0.3234375 0.06875 0.028125 0.040625
2 0.18984375 0.10078125 0.0265625 0.0390625
3 0.18515625 0.10703125 0.0125 0.0359375
2 0.33671875 0.0171875 0.0203125 0.0265625
3 0.39296875 0.0203125 0.009375 0.034375
4 0.25234375 0.046875 0.0265625 0.0484375
3 0.28828125 0.1109375 0.0078125 0.0390625