2 0.3578125 0.853125 0.1640625 0.29375
2 0.27890625 0.6046875 0.146875 0.2078125
2 0.02421875 0.7921875 0.04375 0.1421875
2 0.38125 0.4171875 0.0625 0.1203125
2 0.46640625 0.36875 0.0578125 0.1171875
3 0.5796875 0.35234375 0.034375 0.084375
3 0.43515625 0.2765625 0.021875 0.0828125
3 0.4046875 0.3015625 0.0171875 0.0859375
0 0.3140625 0.2953125 0.04375 0.0859375
3 0.19453125 0.1703125 0.0203125 0.0453125
2 0.19140625 0.1 0.021875 0.034375
2 0.3734375 0.23046875 0.040625 0.075
2 0.40859375 0.19140625 0.0390625 0.0578125
2 0.3921875 0.146875 0.028125 0.0390625
2 0.34140625 0.13125 0.03125 0.05625
2 0.375 0.10234375 0.0265625 0.0484375
2 0.328125 0.0921875 0.0265625 0.04375
2 0.35703125 0.0625 0.021875 0.0359375
2 0.36875 0.0359375 0.0171875 0.03125
2 0.3453125 0.0328125 0.0203125 0.03125
2 0.321875 0.053125 0.0265625 0.053125
3 0.39296875 0.01953125 0.0078125 0.0265625
3 0.08046875 0.2828125 0.009375 0.0609375
3 0.06875 0.27734375 0.0125 0.0671875