3 0.75703125 0.8125 0.034375 0.134375
0 0.5625 0.38359375 0.0484375 0.075
3 0.4421875 0.31640625 0.021875 0.0625
3 0.31484375 0.22578125 0.0140625 0.0609375
2 0.18984375 0.10078125 0.025 0.034375
3 0.478125 0.15234375 0.009375 0.0515625
2 0.42890625 0.23046875 0.04375 0.0625
2 0.375 0.225 0.040625 0.0671875
2 0.40625 0.18046875 0.0359375 0.0640625
2 0.35078125 0.14453125 0.028125 0.053125
2 0.390625 0.13828125 0.0296875 0.0515625
2 0.4109375 0.1078125 0.0234375 0.04375
2 0.33046875 0.0875 0.0265625 0.0484375
2 0.375 0.09765625 0.0296875 0.0453125
2 0.3546875 0.05390625 0.0203125 0.040625
3 0.38125 0.06015625 0.0125 0.040625
0 0.296875 0.109375 0.0265625 0.0578125