2 0.6875 0.83671875 0.1453125 0.271875
2 0.93359375 0.696875 0.1328125 0.2078125
2 0.5671875 0.46015625 0.065625 0.1234375
2 0.54921875 0.2875 0.0484375 0.0890625
2 0.615625 0.2515625 0.0390625 0.0828125
2 0.55625 0.1671875 0.034375 0.0609375
2 0.65 0.16953125 0.03125 0.0625
2 0.61171875 0.13671875 0.034375 0.053125
2 0.65859375 0.12265625 0.0265625 0.040625
3 0.09140625 0.821875 0.040625 0.115625
3 0.4796875 0.1875 0.0125 0.0609375
3 0.4734375 0.1875 0.009375 0.0578125
2 0.64453125 0.0625 0.03125 0.0390625
2 0.68359375 0.07109375 0.0203125 0.0390625
3 0.7296875 0.1046875 0.009375 0.040625
3 0.71015625 0.11328125 0.0078125 0.0390625
2 0.6546875 0.0328125 0.021875 0.0359375
2 0.81015625 0.09765625 0.021875 0.034375