3 0.921875 0.46171875 0.021875 0.0875
2 0.5265625 0.53359375 0.0671875 0.1421875
2 0.28359375 0.9671875 0.1140625 0.065625
2 0.3609375 0.68984375 0.1078125 0.2015625
2 0.2328125 0.63125 0.1140625 0.178125
3 0.44921875 0.546875 0.0296875 0.1296875
3 0.38671875 0.44921875 0.0265625 0.1015625
0 0.2640625 0.37734375 0.0484375 0.0921875
0 0.31640625 0.30390625 0.0390625 0.075
3 0.478125 0.22734375 0.0171875 0.0671875
3 0.59140625 0.3234375 0.0125 0.0703125
3 0.5484375 0.2515625 0.0125 0.05625
3 0.578125 0.31640625 0.0140625 0.0765625
2 0.18984375 0.10078125 0.0203125 0.04375
2 0.21484375 0.0171875 0.0203125 0.0296875
3 0.45703125 0.2765625 0.0125 0.0515625
2 0.47109375 0.34375 0.05625 0.103125
2 0.38359375 0.328125 0.0484375 0.0890625
2 0.38359375 0.24765625 0.0484375 0.09375
2 0.43046875 0.23203125 0.0453125 0.071875
2 0.3609375 0.1875 0.0390625 0.0671875
2 0.390625 0.146875 0.0359375 0.065625
2 0.33671875 0.12734375 0.028125 0.0515625
2 0.328125 0.0890625 0.0265625 0.0515625
4 0.3765625 0.0609375 0.0578125 0.11875
3 0.4890625 0.14921875 0.009375 0.040625
3 0.33515625 0.0515625 0.009375 0.0171875
2 0.2953125 0.490625 0.103125 0.1390625
3 0.4328125 0.06875 0.0078125 0.0421875