3 0.8484375 0.83984375 0.0703125 0.16875
3 0.7859375 0.69140625 0.0484375 0.1390625
2 0.61875 0.5296875 0.0984375 0.1765625
2 0.546875 0.3640625 0.053125 0.10625
2 0.52421875 0.23203125 0.04375 0.071875
3 0.50390625 0.16953125 0.0125 0.0484375
3 0.490625 0.1609375 0.009375 0.0515625
2 0.15625 0.40859375 0.165625 0.1640625
2 0.81015625 0.10078125 0.025 0.0390625
3 0.56953125 0.18359375 0.0140625 0.0625
4 0.62265625 0.2171875 0.090625 0.15
4 0.63828125 0.13359375 0.0625 0.0890625
2 0.640625 0.06484375 0.0296875 0.0359375
2 0.64296875 0.0359375 0.021875 0.0296875
2 0.67421875 0.0671875 0.025 0.04375
2 0.68359375 0.03984375 0.0203125 0.034375