2 0.36796875 0.7640625 0.13125 0.21875
3 0.7921875 0.86171875 0.0171875 0.1109375
3 0.77734375 0.88125 0.021875 0.1203125
2 0.58046875 0.3703125 0.075 0.0890625
2 0.3234375 0.50703125 0.0890625 0.1484375
3 0.38671875 0.3890625 0.021875 0.0828125
2 0.47265625 0.396875 0.053125 0.1234375
2 0.50390625 0.27890625 0.0453125 0.0796875
2 0.4265625 0.23203125 0.0484375 0.0921875
2 0.46875 0.20078125 0.040625 0.084375
2 0.36171875 0.19140625 0.040625 0.0625
3 0.40234375 0.1703125 0.0171875 0.0671875
2 0.44140625 0.15390625 0.0296875 0.053125
2 0.33671875 0.12109375 0.0296875 0.05625
2 0.37734375 0.12109375 0.0265625 0.0484375
2 0.3609375 0.0890625 0.0265625 0.0484375
2 0.32578125 0.07578125 0.03125 0.05625
2 0.35078125 0.05390625 0.021875 0.0390625
3 0.4890625 0.146875 0.0125 0.0515625
2 0.18984375 0.1046875 0.021875 0.04375
3 0.1890625 0.11328125 0.0078125 0.0296875
3 0.51796875 0.165625 0.0078125 0.0453125