3 0.81640625 0.33046875 0.0171875 0.0796875
0 0.5625 0.38359375 0.0140625 0.103125
0 0.5171875 0.26796875 0.0203125 0.0828125
3 0.52734375 0.19453125 0.0125 0.0625
2 0.4671875 0.2015625 0.0390625 0.0671875
2 0.48671875 0.36640625 0.0578125 0.096875
2 0.3953125 0.37109375 0.0625 0.1296875
2 0.25703125 0.5421875 0.1140625 0.159375
2 0.38125 0.23828125 0.0390625 0.071875
3 0.40625 0.1921875 0.0171875 0.0609375
4 0.35546875 0.1625 0.04375 0.0828125
2 0.40234375 0.1265625 0.0359375 0.053125
3 0.36875 0.11171875 0.0125 0.0515625
2 0.3859375 0.0640625 0.0265625 0.04375
2 0.375 0.0421875 0.021875 0.04375
2 0.3421875 0.03984375 0.021875 0.034375
2 0.33671875 0.09375 0.028125 0.0453125
2 0.18984375 0.10078125 0.025 0.0359375
3 0.1359375 0.19453125 0.009375 0.0515625