3 0.21484375 0.7609375 0.03125 0.1453125
3 0.1828125 0.84609375 0.04375 0.1328125
3 0.1421875 0.85703125 0.0296875 0.121875
4 0.88359375 0.6625 0.2328125 0.4046875
2 0.6203125 0.62890625 0.10625 0.18125
2 0.515625 0.37890625 0.053125 0.103125
2 0.603125 0.290625 0.04375 0.0828125
2 0.55546875 0.24609375 0.0515625 0.075
2 0.53125 0.19453125 0.0390625 0.0625
2 0.6359375 0.18515625 0.0390625 0.075
2 0.6390625 0.0734375 0.0265625 0.04375
2 0.66328125 0.0984375 0.0265625 0.040625
3 0.6546875 0.28828125 0.0125 0.0671875
3 0.66953125 0.25625 0.0125 0.0625
3 0.5359375 0.10234375 0.0078125 0.0453125
2 0.81015625 0.1 0.021875 0.034375