2 0.68125 0.77734375 0.1375 0.21875
2 0.7875 0.615625 0.15 0.190625
2 0.51953125 0.56875 0.0921875 0.1515625
2 0.6390625 0.4125 0.0703125 0.1140625
3 0.6890625 0.24765625 0.0125 0.0578125
3 0.7390625 0.1671875 0.0171875 0.0578125
3 0.8234375 0.1734375 0.009375 0.0578125
2 0.80859375 0.10078125 0.021875 0.0359375
3 0.39296875 0.38125 0.0390625 0.0890625
2 0.5515625 0.30859375 0.0625 0.1953125
2 0.61796875 0.25234375 0.053125 0.0984375
2 0.57578125 0.2140625 0.0484375 0.084375
2 0.603125 0.13671875 0.034375 0.0515625
2 0.65859375 0.12890625 0.0265625 0.0484375
2 0.66796875 0.0921875 0.0265625 0.0375
3 0.64296875 0.05625 0.009375 0.040625
3 0.59765625 0.05390625 0.0078125 0.0390625
2 0.68125 0.04453125 0.021875 0.0390625
2 0.6296875 0.03515625 0.0203125 0.0265625
3 0.64921875 0.0203125 0.009375 0.034375
3 0.88359375 0.24140625 0.0125 0.0671875