2 0.33203125 0.890625 0.146875 0.21875
2 0.2609375 0.6421875 0.1203125 0.2125
2 0.36875 0.42890625 0.075 0.1203125
2 0.703125 0.43984375 0.1296875 0.1140625
3 0.51171875 0.16328125 0.021875 0.0625
2 0.396875 0.30078125 0.0484375 0.0875
2 0.46171875 0.28515625 0.0484375 0.09375
2 0.36328125 0.2046875 0.040625 0.075
2 0.421875 0.19921875 0.04375 0.0671875
3 0.4125 0.14296875 0.0140625 0.04375
2 0.36171875 0.1421875 0.03125 0.053125
2 0.3859375 0.10078125 0.03125 0.0453125
2 0.4 0.07109375 0.025 0.0515625
2 0.334375 0.0984375 0.03125 0.0515625
2 0.3546875 0.06484375 0.021875 0.0375
2 0.31640625 0.053125 0.0265625 0.0390625
3 0.4 0.0265625 0.009375 0.021875
2 0.34609375 0.040625 0.0203125 0.034375
3 0.14453125 0.19609375 0.0125 0.053125
2 0.18984375 0.10078125 0.021875 0.0390625