4 0.6359375 0.5484375 0.2765625 0.4828125
2 0.38125 0.39921875 0.1015625 0.1109375
2 0.52890625 0.2921875 0.05625 0.0546875
4 0.603125 0.24296875 0.075 0.1578125
2 0.56875 0.20078125 0.034375 0.0609375
2 0.640625 0.18984375 0.034375 0.075
2 0.65234375 0.12265625 0.0296875 0.0484375
2 0.640625 0.07109375 0.021875 0.0484375
2 0.6703125 0.08515625 0.028125 0.053125
3 0.69140625 0.22265625 0.0125 0.0609375
2 0.81015625 0.0953125 0.021875 0.03125
3 0.78359375 0.1 0.009375 0.04375
0 0.609375 0.05390625 0.0125 0.040625
2 0.66015625 0.03359375 0.0203125 0.0296875
3 0.41015625 0.27265625 0.0125 0.0625
0 0.63203125 0.01796875 0.0078125 0.0328125