3 0.94140625 0.83515625 0.0875 0.1640625
2 0.73828125 0.553125 0.128125 0.18125
2 0.49375 0.61640625 0.0984375 0.178125
3 0.15859375 0.71640625 0.03125 0.1109375
3 0.4515625 0.44921875 0.021875 0.115625
3 0.48828125 0.384375 0.0171875 0.0890625
0 0.6625 0.30078125 0.04375 0.084375
2 0.56015625 0.4796875 0.0703125 0.1328125
2 0.60703125 0.3171875 0.0484375 0.0921875
2 0.53984375 0.32109375 0.0515625 0.0828125
2 0.5734375 0.2296875 0.040625 0.0671875
2 0.63203125 0.19375 0.04375 0.0875
2 0.6078125 0.15390625 0.034375 0.0515625
2 0.65625 0.12890625 0.0296875 0.0515625
2 0.625 0.109375 0.03125 0.04375
2 0.671875 0.08984375 0.03125 0.040625
2 0.66015625 0.05390625 0.025 0.04375
2 0.64296875 0.0171875 0.0203125 0.034375
2 0.66328125 0.01953125 0.0140625 0.0265625
2 0.68984375 0.046875 0.0171875 0.03125
2 0.81015625 0.10078125 0.025 0.0390625