2 0.06875 0.82421875 0.1375 0.2359375
2 0.31484375 0.72578125 0.15 0.2109375
3 0.51953125 0.94609375 0.10625 0.10625
3 0.68359375 0.67890625 0.0296875 0.115625
2 0.2828125 0.56875 0.1140625 0.153125
0 0.25 0.37890625 0.0484375 0.0765625
0 0.31640625 0.2984375 0.0484375 0.0765625
2 0.3765625 0.421875 0.0640625 0.1234375
2 0.46484375 0.38203125 0.05625 0.10625
2 0.42421875 0.22109375 0.04375 0.0671875
2 0.375 0.22265625 0.040625 0.0796875
3 0.35 0.1546875 0.0125 0.0515625
3 0.490625 0.15 0.0078125 0.0515625
3 0.58515625 0.26328125 0.0140625 0.0640625
3 0.13203125 0.2140625 0.0140625 0.0578125
2 0.40234375 0.171875 0.034375 0.0671875
2 0.3796875 0.13125 0.0296875 0.0515625
2 0.33671875 0.10703125 0.0296875 0.0484375
2 0.35703125 0.06875 0.0265625 0.059375
2 0.31953125 0.0609375 0.021875 0.04375
2 0.3421875 0.0421875 0.021875 0.0328125
2 0.19140625 0.10078125 0.021875 0.0390625
3 0.390625 0.01796875 0.0078125 0.0359375