3 0.94140625 0.77890625 0.0265625 0.1328125
3 0.6234375 0.7125 0.0328125 0.1375
3 0.515625 0.178125 0.009375 0.0578125
3 0.48046875 0.12109375 0.0078125 0.0484375
2 0.18984375 0.1 0.021875 0.0359375
3 0.11171875 0.23828125 0.0125 0.0625
3 0.3640625 0.02421875 0.0078125 0.03125
3 0.390625 0.0890625 0.0125 0.040625
2 0.3453125 0.03359375 0.0171875 0.03125
4 0.3296875 0.07421875 0.0390625 0.075
2 0.36328125 0.07109375 0.025 0.04375
2 0.3890625 0.134375 0.03125 0.0484375
2 0.38203125 0.2328125 0.040625 0.1015625
2 0.41796875 0.1984375 0.04375 0.0765625
2 0.43984375 0.2640625 0.0484375 0.071875
2 0.36875 0.4046875 0.0796875 0.1296875
2 0.4796875 0.3609375 0.0515625 0.103125
2 0.5109375 0.271875 0.0515625 0.084375
2 0.390625 0.69375 0.11875 0.1953125
2 0.16953125 0.65 0.1828125 0.259375