2 0.11171875 0.88828125 0.2046875 0.2234375
2 0.3296875 0.60703125 0.1015625 0.1765625
2 0.38125 0.3734375 0.0578125 0.103125
2 0.546875 0.3328125 0.065625 0.0984375
2 0.44453125 0.2765625 0.0515625 0.0828125
2 0.36640625 0.19921875 0.0390625 0.0609375
2 0.415625 0.21171875 0.0390625 0.0609375
3 0.321875 0.2484375 0.0140625 0.0671875
2 0.4421875 0.16015625 0.0296875 0.0515625
2 0.39765625 0.16015625 0.03125 0.0484375
2 0.3703125 0.109375 0.0296875 0.04375
2 0.33046875 0.09375 0.0296875 0.0578125
2 0.3546875 0.071875 0.021875 0.0359375
2 0.31875 0.05625 0.0203125 0.0296875
2 0.34140625 0.0328125 0.0203125 0.03125
2 0.3296875 0.015625 0.0203125 0.03125
3 0.39765625 0.03828125 0.0078125 0.034375
2 0.18984375 0.103125 0.025 0.040625
3 0.1875 0.1140625 0.009375 0.040625