2 0.6765625 0.76953125 0.1375 0.240625
3 0.32421875 0.41328125 0.0203125 0.0890625
2 0.6609375 0.44609375 0.0828125 0.13125
2 0.53828125 0.33046875 0.0546875 0.1171875
2 0.609375 0.2796875 0.0390625 0.0875
2 0.5625 0.209375 0.05625 0.115625
2 0.6296875 0.21171875 0.0390625 0.0625
3 0.6625 0.28984375 0.0125 0.0703125
2 0.60078125 0.1671875 0.03125 0.0625
2 0.65625 0.13359375 0.03125 0.05625
2 0.6140625 0.09609375 0.0453125 0.0890625
2 0.67421875 0.08046875 0.0265625 0.0546875
2 0.6453125 0.0625 0.0203125 0.0390625
2 0.6515625 0.0359375 0.0203125 0.03125
2 0.80859375 0.10078125 0.0265625 0.0390625
3 0.8140625 0.1109375 0.009375 0.040625
3 0.7171875 0.09375 0.0125 0.0390625