2 0.08515625 0.7140625 0.159375 0.2
2 0.2640625 0.8578125 0.1828125 0.28125
2 0.359375 0.58046875 0.125 0.215625
2 0.55546875 0.51171875 0.0703125 0.165625
2 0.45703125 0.44609375 0.0625 0.134375
2 0.36328125 0.39453125 0.065625 0.11875
2 0.4546875 0.2984375 0.053125 0.1109375
2 0.37890625 0.2484375 0.04375 0.075
2 0.43046875 0.2203125 0.04375 0.071875
2 0.359375 0.1765625 0.0359375 0.0625
2 0.4078125 0.165625 0.0328125 0.0609375
2 0.3890625 0.1265625 0.034375 0.0484375
3 0.3421875 0.134375 0.0125 0.0328125
2 0.33046875 0.1 0.03125 0.04375
2 0.359375 0.0796875 0.0265625 0.0390625
2 0.38125 0.0484375 0.0234375 0.0515625
2 0.32421875 0.0734375 0.025 0.0390625
2 0.35 0.05390625 0.021875 0.034375
2 0.33515625 0.0203125 0.0203125 0.034375
2 0.3109375 0.046875 0.021875 0.034375
3 0.228125 0.12890625 0.009375 0.0453125
2 0.18984375 0.10078125 0.025 0.0359375
3 0.41328125 0.05078125 0.0046875 0.0359375