2 0.7234375 0.84609375 0.1765625 0.2890625
2 0.790625 0.603125 0.1390625 0.1765625
2 0.6140625 0.375 0.059375 0.115625
2 0.5265625 0.375 0.0546875 0.115625
2 0.61796875 0.24765625 0.04375 0.075
2 0.58203125 0.1765625 0.034375 0.053125
2 0.6390625 0.18984375 0.0390625 0.0671875
2 0.6609375 0.109375 0.0265625 0.053125
2 0.63125 0.0890625 0.0265625 0.0609375
2 0.6296875 0.0375 0.0203125 0.034375
2 0.6578125 0.040625 0.0203125 0.0359375
2 0.6828125 0.0625 0.0234375 0.0359375
0 0.57578125 0.1 0.0125 0.04375
2 0.75703125 0.0953125 0.028125 0.04375
3 0.71015625 0.13671875 0.0125 0.0484375
0 0.80078125 0.12265625 0.0125 0.0515625
2 0.8109375 0.103125 0.025 0.040625
3 0.81015625 0.1140625 0.0078125 0.034375
3 0.5625 0.071875 0.0078125 0.034375