3 0.8265625 0.80078125 0.0390625 0.1390625
3 0.19453125 0.31875 0.0265625 0.0796875
0 0.48828125 0.33203125 0.0453125 0.0765625
0 0.09609375 0.37109375 0.0453125 0.084375
2 0.1890625 0.0984375 0.025 0.0359375
3 0.1859375 0.11640625 0.0125 0.0265625
3 0.43515625 0.265625 0.021875 0.0765625
2 0.365625 0.2171875 0.04375 0.0671875
2 0.41953125 0.203125 0.040625 0.0671875
2 0.39296875 0.14296875 0.0390625 0.0609375
2 0.35234375 0.16328125 0.0390625 0.0515625
3 0.3640625 0.12109375 0.0140625 0.05625
3 0.36171875 0.0875 0.0125 0.0390625
2 0.3390625 0.125 0.0234375 0.0390625
4 0.35078125 0.0359375 0.0265625 0.0625
2 0.321875 0.05390625 0.0265625 0.040625
2 0.3328125 0.1046875 0.0265625 0.040625