3 0.18359375 0.86328125 0.034375 0.1296875
3 0.22265625 0.83046875 0.034375 0.1203125
3 0.2453125 0.81875 0.0296875 0.0984375
2 0.6078125 0.6578125 0.10625 0.1953125
2 0.51328125 0.32421875 0.05625 0.0765625
3 0.24296875 0.375 0.0203125 0.0765625
3 0.3703125 0.3265625 0.0203125 0.0703125
3 0.4171875 0.3125 0.0140625 0.075
2 0.58203125 0.2171875 0.04375 0.065625
0 0.6671875 0.31484375 0.0453125 0.0703125
2 0.81015625 0.10234375 0.0265625 0.04375
3 0.8109375 0.11171875 0.0125 0.0359375
2 0.63359375 0.21484375 0.034375 0.0609375
3 0.68515625 0.1578125 0.0125 0.0484375
2 0.6 0.16015625 0.034375 0.040625
2 0.6453125 0.16015625 0.0390625 0.0625
2 0.6265625 0.09375 0.0265625 0.040625
2 0.6609375 0.13125 0.028125 0.0453125
2 0.66953125 0.0984375 0.028125 0.0484375
2 0.671875 0.0578125 0.0265625 0.04375