3 0.6203125 0.92890625 0.0546875 0.1390625
2 0.67421875 0.76796875 0.125 0.2234375
2 0.23046875 0.4375 0.1296875 0.103125
2 0.62265625 0.41015625 0.0703125 0.1296875
2 0.46484375 0.3546875 0.0921875 0.1015625
3 0.5140625 0.27421875 0.0140625 0.075
3 0.47734375 0.1859375 0.0171875 0.05625
2 0.56484375 0.234375 0.040625 0.071875
2 0.609375 0.275 0.04375 0.0765625
3 0.69609375 0.1515625 0.009375 0.0484375
2 0.60546875 0.14765625 0.0296875 0.0609375
2 0.64453125 0.15859375 0.03125 0.0609375
2 0.625 0.1078125 0.0296875 0.04375
2 0.66484375 0.11328125 0.034375 0.0453125
2 0.640625 0.07421875 0.021875 0.03125
2 0.67421875 0.07421875 0.0203125 0.034375
2 0.64765625 0.04921875 0.0203125 0.0265625
2 0.68359375 0.0453125 0.0203125 0.0265625
2 0.6578125 0.0296875 0.0234375 0.0359375
2 0.77421875 0.10703125 0.0390625 0.0453125
3 0.7796875 0.0328125 0.0078125 0.0359375
2 0.81015625 0.09765625 0.021875 0.0390625