3 0.375 0.71171875 0.0296875 0.1375
3 0.14296875 0.40390625 0.0171875 0.0859375
2 0.71171875 0.85078125 0.1484375 0.253125
2 0.96953125 0.74765625 0.0609375 0.1703125
2 0.603125 0.50625 0.090625 0.1453125
2 0.59375 0.34765625 0.053125 0.11875
2 0.56015625 0.2453125 0.0484375 0.0796875
2 0.61796875 0.25 0.04375 0.075
2 0.59140625 0.16796875 0.04375 0.065625
2 0.57421875 0.13125 0.0296875 0.0484375
2 0.640625 0.18046875 0.0359375 0.0609375
3 0.59609375 0.08984375 0.0125 0.04375
2 0.62890625 0.0984375 0.03125 0.0515625
2 0.64765625 0.05390625 0.0265625 0.0453125
2 0.678125 0.07109375 0.0265625 0.040625
2 0.80859375 0.09765625 0.021875 0.034375
3 0.9265625 0.28515625 0.009375 0.0578125