3 0.6609375 0.240625 0.0140625 0.0609375
3 0.69375 0.23203125 0.0171875 0.0625
3 0.72578125 0.1921875 0.0171875 0.0609375
2 0.8109375 0.10078125 0.025 0.03125
2 0.52890625 0.20546875 0.0390625 0.0625
2 0.58203125 0.2125 0.040625 0.0625
2 0.63359375 0.2015625 0.034375 0.071875
3 0.56015625 0.16328125 0.0171875 0.0609375
2 0.60078125 0.16328125 0.028125 0.05625
4 0.64921875 0.13125 0.040625 0.096875
2 0.62265625 0.10546875 0.0265625 0.05625
2 0.64453125 0.06484375 0.0296875 0.053125
2 0.67578125 0.07421875 0.025 0.0484375
2 0.6890625 0.046875 0.021875 0.03125