3 0.9078125 0.78359375 0.034375 0.1140625
2 0.4046875 0.8078125 0.1234375 0.228125
2 0.31015625 0.615625 0.115625 0.2140625
0 0.32109375 0.30546875 0.04375 0.0703125
2 0.421875 0.2046875 0.04375 0.0625
3 0.390625 0.19140625 0.0125 0.0609375
2 0.3703125 0.20546875 0.04375 0.0625
2 0.34609375 0.140625 0.0328125 0.0515625
2 0.38203125 0.12265625 0.034375 0.0625
2 0.39765625 0.07109375 0.0265625 0.0515625
2 0.3265625 0.09765625 0.0234375 0.04375
2 0.3578125 0.08046875 0.0234375 0.0390625
2 0.3484375 0.0484375 0.021875 0.0390625
3 0.37109375 0.05390625 0.0078125 0.0359375
3 0.365625 0.0359375 0.009375 0.0390625
2 0.3140625 0.04453125 0.0203125 0.0390625
2 0.18984375 0.10234375 0.021875 0.040625
3 0.50859375 0.165625 0.0234375 0.05625
2 0.0984375 0.9484375 0.134375 0.103125
3 0.06875 0.28515625 0.0125 0.065625