3 0.0140625 0.49140625 0.021875 0.0890625
2 0.63828125 0.74296875 0.153125 0.2640625
2 0.68984375 0.49765625 0.09375 0.146875
2 0.52734375 0.4078125 0.0625 0.146875
2 0.60703125 0.2875 0.0484375 0.09375
2 0.5359375 0.28984375 0.053125 0.0765625
0 0.6546875 0.30625 0.04375 0.075
2 0.6265625 0.20546875 0.0390625 0.0671875
2 0.59140625 0.16328125 0.04375 0.0640625
2 0.625 0.10703125 0.0296875 0.0515625
2 0.6625 0.12265625 0.03125 0.05625
2 0.67578125 0.078125 0.025 0.0359375
3 0.69140625 0.16015625 0.009375 0.053125
2 0.68515625 0.03515625 0.0171875 0.0359375
2 0.81015625 0.1 0.021875 0.034375
3 0.8140625 0.11796875 0.0125 0.0359375