2 0.759375 0.953125 0.115625 0.09375
2 0.9484375 0.79921875 0.103125 0.1921875
2 0.72265625 0.5984375 0.10625 0.1640625
2 0.5609375 0.47578125 0.0828125 0.1765625
3 0.5171875 0.4109375 0.0203125 0.103125
2 0.61328125 0.33046875 0.05625 0.0984375
2 0.53515625 0.28984375 0.0515625 0.0890625
2 0.5796875 0.196875 0.0390625 0.0671875
2 0.6296875 0.203125 0.0453125 0.075
2 0.65234375 0.1390625 0.03125 0.0625
3 0.4890625 0.1625 0.025 0.0609375
2 0.60234375 0.0671875 0.028125 0.0546875
2 0.634375 0.08515625 0.028125 0.04375
2 0.6734375 0.09140625 0.028125 0.0484375
2 0.64296875 0.06015625 0.0265625 0.04375
2 0.65859375 0.03828125 0.0203125 0.03125
2 0.6859375 0.046875 0.025 0.03125
2 0.63671875 0.02734375 0.0203125 0.0265625
2 0.8109375 0.1 0.0203125 0.034375
3 0.6765625 0.24375 0.009375 0.0578125
3 0.875 0.23671875 0.009375 0.0578125