2 0.5671875 0.5828125 0.0890625 0.1515625
2 0.68359375 0.46640625 0.09375 0.134375
0 0.896875 0.35 0.0390625 0.0859375
2 0.44921875 0.3453125 0.065625 0.09375
2 0.5328125 0.353125 0.05625 0.103125
2 0.615625 0.2703125 0.0453125 0.071875
2 0.571875 0.23046875 0.04375 0.103125
2 0.51953125 0.23046875 0.0484375 0.0921875
3 0.5453125 0.15625 0.0125 0.0515625
3 0.60234375 0.125 0.0125 0.0578125
2 0.6390625 0.18046875 0.034375 0.0578125
2 0.665625 0.12265625 0.03125 0.0484375
2 0.62890625 0.11328125 0.0296875 0.0453125
2 0.63671875 0.078125 0.021875 0.034375
2 0.6453125 0.0578125 0.021875 0.0359375
2 0.65390625 0.0421875 0.021875 0.03125
2 0.678125 0.07109375 0.025 0.0453125
2 0.8109375 0.0984375 0.021875 0.0359375
3 0.91953125 0.2796875 0.0125 0.0578125
3 0.93046875 0.27421875 0.0125 0.0578125