0 0.290625 0.3171875 0.040625 0.0671875
2 0.25703125 0.92734375 0.1421875 0.1453125
3 0.09765625 0.28125 0.0140625 0.0578125
3 0.07421875 0.27734375 0.0171875 0.0625
2 0.46484375 0.48828125 0.0625 0.146875
2 0.37109375 0.50234375 0.075 0.1421875
2 0.475 0.31640625 0.065625 0.1375
2 0.39453125 0.265625 0.053125 0.0984375
2 0.44921875 0.1859375 0.0390625 0.05625
2 0.3609375 0.16953125 0.0390625 0.0671875
2 0.40859375 0.103125 0.025 0.0484375
3 0.38828125 0.0828125 0.0140625 0.0484375
2 0.33984375 0.125 0.0296875 0.0515625
2 0.36796875 0.0890625 0.021875 0.0390625
2 0.35078125 0.053125 0.0203125 0.0296875
2 0.32578125 0.0890625 0.021875 0.040625
2 0.31640625 0.06015625 0.021875 0.04375
3 0.2875 0.09609375 0.0078125 0.0265625
3 0.36875 0.0359375 0.0078125 0.03125
3 0.978125 0.3296875 0.0171875 0.0609375
2 0.33984375 0.02890625 0.0203125 0.03125
2 0.33515625 0.01328125 0.0171875 0.021875