2 0.353125 0.78828125 0.1203125 0.228125
2 0.18125 0.678125 0.1765625 0.2453125
2 0.5046875 0.521875 0.075 0.153125
2 0.41796875 0.47578125 0.0765625 0.1421875
4 0.40234375 0.30546875 0.0703125 0.1765625
2 0.46484375 0.30390625 0.04375 0.0796875
3 0.58515625 0.31015625 0.0125 0.0703125
3 0.79296875 0.375 0.0171875 0.0671875
3 0.88125 0.475 0.021875 0.09375
0 0.33046875 0.3140625 0.04375 0.075
3 0.053125 0.30078125 0.0203125 0.075
2 0.43125 0.16796875 0.034375 0.05625
2 0.359375 0.19375 0.03125 0.0578125
2 0.384375 0.14296875 0.028125 0.053125
2 0.3453125 0.1296875 0.034375 0.0609375
2 0.35078125 0.0484375 0.021875 0.0390625
2 0.321875 0.07421875 0.021875 0.0390625
3 0.30390625 0.14453125 0.009375 0.0578125
2 0.19140625 0.10234375 0.0203125 0.0390625
3 0.18984375 0.115625 0.009375 0.034375