3 0.7484375 0.54296875 0.025 0.1234375
2 0.1234375 0.72734375 0.16875 0.240625
2 0.46484375 0.4046875 0.05625 0.115625
2 0.390625 0.3609375 0.05625 0.10625
2 0.384375 0.21484375 0.040625 0.075
2 0.46875 0.19140625 0.04375 0.0609375
3 0.34609375 0.28828125 0.009375 0.065625
3 0.334375 0.25703125 0.0125 0.0671875
2 0.3421875 0.1234375 0.0296875 0.05625
2 0.359375 0.06640625 0.021875 0.0390625
2 0.18984375 0.09765625 0.025 0.040625
3 0.10234375 0.25625 0.0140625 0.0703125
3 0.4828125 0.1296875 0.0078125 0.0515625