3 0.2484375 0.93984375 0.0578125 0.11875
4 0.37109375 0.359375 0.11875 0.2359375
4 0.39453125 0.21015625 0.0828125 0.1171875
2 0.4078125 0.1671875 0.0359375 0.05625
2 0.353125 0.17578125 0.034375 0.0625
2 0.384375 0.0984375 0.028125 0.0578125
2 0.3390625 0.11796875 0.028125 0.0578125
4 0.3578125 0.040625 0.028125 0.0765625
2 0.3265625 0.0828125 0.0265625 0.0484375
2 0.9109375 0.4796875 0.11875 0.0984375
3 0.5421875 0.2125 0.009375 0.0609375
3 0.50859375 0.1609375 0.009375 0.0578125
4 0.31953125 0.03359375 0.03125 0.0609375
2 0.18984375 0.0984375 0.021875 0.0359375
3 0.01953125 0.3796875 0.021875 0.075