2 0.38125 0.7640625 0.11875 0.228125
2 0.40390625 0.38671875 0.0625 0.1140625
2 0.4640625 0.31640625 0.04375 0.1078125
2 0.38203125 0.24140625 0.0453125 0.0765625
2 0.42890625 0.22578125 0.04375 0.075
3 0.303125 0.18046875 0.0140625 0.0609375
2 0.18984375 0.09609375 0.021875 0.0359375
3 0.13828125 0.17890625 0.0125 0.0375
2 0.2453125 0.02734375 0.0203125 0.03125
2 0.3953125 0.1453125 0.0265625 0.0484375
2 0.35703125 0.165625 0.028125 0.0625
3 0.41015625 0.1109375 0.0171875 0.0515625
2 0.37734375 0.10546875 0.028125 0.0453125
2 0.3609375 0.06015625 0.0265625 0.0390625
2 0.328125 0.1 0.021875 0.0375
2 0.31953125 0.0640625 0.0234375 0.0375
4 0.3421875 0.0203125 0.025 0.0390625
3 0.55859375 0.2296875 0.0125 0.0625