2 0.82421875 0.76328125 0.1546875 0.21875
2 0.61796875 0.578125 0.1109375 0.21875
2 0.6671875 0.47734375 0.0796875 0.128125
2 0.6203125 0.33515625 0.0578125 0.1390625
2 0.5265625 0.3421875 0.0515625 0.09375
2 0.55625 0.23671875 0.04375 0.071875
2 0.625 0.23203125 0.04375 0.0796875
2 0.6609375 0.1140625 0.03125 0.05625
2 0.64921875 0.05859375 0.0265625 0.0359375
2 0.67890625 0.0578125 0.021875 0.04375
2 0.6609375 0.02890625 0.0171875 0.03125
2 0.80859375 0.103125 0.025 0.040625
2 0.75859375 0.0515625 0.021875 0.0484375
3 0.5171875 0.146875 0.0078125 0.05625