2 0.79921875 0.6453125 0.1375 0.1796875
2 0.51171875 0.46640625 0.0578125 0.134375
2 0.62109375 0.40234375 0.0671875 0.1328125
3 0.540625 0.3421875 0.025 0.09375
3 0.60546875 0.290625 0.0484375 0.084375
2 0.53125 0.19375 0.0390625 0.065625
2 0.5953125 0.16796875 0.0359375 0.0609375
2 0.6296875 0.20703125 0.0359375 0.071875
2 0.65625 0.14453125 0.0265625 0.0515625
3 0.66953125 0.2546875 0.0125 0.0625
3 0.65390625 0.29296875 0.0125 0.075
3 0.90234375 0.26953125 0.009375 0.0671875
2 0.81015625 0.0984375 0.0265625 0.034375
4 0.67421875 0.05078125 0.034375 0.075
3 0.571875 0.05859375 0.009375 0.040625