4 0.68125 0.61875 0.2140625 0.4203125
2 0.8265625 0.61640625 0.1328125 0.1640625
2 0.53359375 0.43515625 0.0625 0.1328125
2 0.61328125 0.3640625 0.05625 0.1109375
2 0.61875 0.24609375 0.04375 0.0796875
3 0.6765625 0.2484375 0.0125 0.0609375
2 0.625 0.16328125 0.034375 0.0671875
2 0.61328125 0.1234375 0.0265625 0.0484375
2 0.66484375 0.11875 0.028125 0.0453125
2 0.63828125 0.07421875 0.0265625 0.040625
2 0.678125 0.05390625 0.025 0.0453125
2 0.81015625 0.09765625 0.025 0.0359375
3 0.8140625 0.115625 0.0125 0.0375
3 0.57109375 0.0671875 0.009375 0.0359375
3 0.69375 0.1046875 0.0078125 0.04375