4 0.9109375 0.75703125 0.1734375 0.25
2 0.73203125 0.9578125 0.128125 0.084375
2 0.53828125 0.484375 0.075 0.1390625
2 0.5140625 0.3296875 0.05625 0.0953125
2 0.61171875 0.3109375 0.0515625 0.0984375
2 0.56640625 0.24140625 0.0515625 0.084375
2 0.63203125 0.22265625 0.040625 0.0625
3 0.6765625 0.24609375 0.0140625 0.0609375
2 0.6078125 0.16328125 0.034375 0.0515625
2 0.6515625 0.16484375 0.03125 0.0609375
2 0.625 0.10703125 0.0296875 0.04375
3 0.6671875 0.10546875 0.0140625 0.0484375
2 0.678125 0.0828125 0.0203125 0.0359375
2 0.65234375 0.04453125 0.025 0.0390625
2 0.68515625 0.04296875 0.0203125 0.034375
2 0.81015625 0.1 0.0265625 0.034375
3 0.5984375 0.02890625 0.0078125 0.0390625
3 0.38125 0.31875 0.0171875 0.0796875