2 0.64921875 0.53515625 0.090625 0.1546875
2 0.32421875 0.4203125 0.1203125 0.103125
2 0.515625 0.38359375 0.0484375 0.125
2 0.61640625 0.36796875 0.059375 0.1234375
2 0.6109375 0.2765625 0.04375 0.071875
2 0.5609375 0.24375 0.0453125 0.075
2 0.540625 0.17890625 0.034375 0.0609375
3 0.54296875 0.140625 0.0125 0.021875
2 0.63828125 0.196875 0.0390625 0.05625
2 0.58984375 0.1875 0.034375 0.0703125
2 0.578125 0.12734375 0.03125 0.04375
2 0.61796875 0.13203125 0.03125 0.053125
2 0.6296875 0.0953125 0.03125 0.04375
2 0.6671875 0.10078125 0.028125 0.0484375
3 0.6890625 0.1296875 0.0125 0.0484375
2 0.61328125 0.06015625 0.0203125 0.0359375
2 0.64296875 0.0640625 0.025 0.034375
2 0.65234375 0.040625 0.0171875 0.0296875
2 0.81015625 0.10078125 0.025 0.0359375
3 0.1546875 0.33046875 0.0140625 0.0609375