2 0.29453125 0.53125 0.1140625 0.159375
3 0.04296875 0.30625 0.0171875 0.0703125
2 0.384375 0.36328125 0.053125 0.1015625
2 0.4625 0.3703125 0.0515625 0.103125
2 0.4484375 0.28125 0.0484375 0.075
2 0.3703125 0.2296875 0.0484375 0.0859375
2 0.4125 0.19140625 0.0390625 0.065625
2 0.18984375 0.0984375 0.025 0.0390625
2 0.353125 0.165625 0.03125 0.0578125
2 0.3859375 0.1359375 0.03125 0.0484375
2 0.36875 0.09765625 0.0296875 0.0390625
2 0.328125 0.0921875 0.0296875 0.04375
2 0.32109375 0.06484375 0.0234375 0.03125
2 0.39765625 0.08046875 0.0296875 0.0453125
2 0.38359375 0.0609375 0.021875 0.0296875
2 0.3765625 0.0421875 0.0203125 0.0296875
2 0.35546875 0.0609375 0.0265625 0.0390625
2 0.33984375 0.0265625 0.0171875 0.03125