3 0.61875 0.75234375 0.0296875 0.134375
3 0.38125 0.80078125 0.0390625 0.18125
3 0.303125 0.7015625 0.04375 0.16875
3 0.34609375 0.36640625 0.021875 0.096875
2 0.42890625 0.4390625 0.0703125 0.1171875
2 0.45078125 0.328125 0.0515625 0.1015625
2 0.515625 0.32109375 0.0515625 0.0921875
2 0.384375 0.2453125 0.04375 0.0703125
2 0.415625 0.2015625 0.0390625 0.0609375
2 0.42890625 0.16484375 0.03125 0.053125
2 0.428125 0.12265625 0.03125 0.040625
2 0.390625 0.13203125 0.0296875 0.0515625
2 0.35 0.1515625 0.03125 0.053125
2 0.396875 0.08046875 0.0265625 0.04375
3 0.396875 0.0921875 0.0078125 0.034375
2 0.3734375 0.109375 0.025 0.04375
2 0.36640625 0.078125 0.0203125 0.0390625
3 0.33984375 0.1 0.0390625 0.05625
2 0.3234375 0.071875 0.0234375 0.05625
2 0.35078125 0.05859375 0.0234375 0.0296875
2 0.3453125 0.0328125 0.021875 0.034375
3 0.3640625 0.19609375 0.021875 0.040625
2 0.18984375 0.10078125 0.0203125 0.0390625
3 0.54921875 0.22265625 0.0125 0.053125