2 0.725 0.95625 0.121875 0.0875
2 0.6703125 0.546875 0.1015625 0.15
2 0.51953125 0.55546875 0.0828125 0.159375
2 0.634375 0.4078125 0.0703125 0.1203125
2 0.5375 0.3578125 0.0484375 0.09375
3 0.5 0.3328125 0.0171875 0.0859375
2 0.49296875 0.28125 0.053125 0.0875
2 0.56640625 0.2484375 0.0390625 0.0765625
2 0.6296875 0.225 0.040625 0.065625
2 0.5953125 0.17578125 0.040625 0.053125
2 0.6203125 0.11875 0.0390625 0.0578125
2 0.6578125 0.12109375 0.025 0.0515625
2 0.8109375 0.10234375 0.025 0.0484375
2 0.75390625 0.040625 0.021875 0.034375
4 0.7640625 0.01953125 0.028125 0.0359375
2 0.64296875 0.06875 0.025 0.03125
2 0.678125 0.0765625 0.021875 0.0390625
2 0.65390625 0.0359375 0.021875 0.0296875
2 0.68515625 0.03984375 0.0203125 0.034375
3 0.1046875 0.79296875 0.0265625 0.115625