2 0.290625 0.78125 0.1421875 0.240625
2 0.3078125 0.5296875 0.0984375 0.1453125
2 0.4375 0.49140625 0.075 0.1328125
2 0.57421875 0.36328125 0.0796875 0.09375
3 0.82578125 0.415625 0.0203125 0.071875
3 0.87734375 0.428125 0.021875 0.0765625
3 0.5984375 0.31875 0.0125 0.0625
0 0.30390625 0.30546875 0.0234375 0.0796875
2 0.4734375 0.36796875 0.0515625 0.096875
2 0.39453125 0.3078125 0.04375 0.0890625
2 0.375 0.22734375 0.040625 0.0671875
2 0.39453125 0.1578125 0.03125 0.053125
2 0.3578125 0.17421875 0.028125 0.0578125
3 0.521875 0.21015625 0.0125 0.0515625
3 0.509375 0.1609375 0.0125 0.0484375
2 0.37265625 0.1 0.028125 0.05625
2 0.3296875 0.08984375 0.025 0.0453125
2 0.353125 0.05390625 0.021875 0.04375
2 0.34375 0.0265625 0.021875 0.0359375
2 0.18984375 0.1078125 0.025 0.04375
3 0.13359375 0.2234375 0.0125 0.0515625