3 0.4328125 0.59375 0.034375 0.1328125
3 0.26171875 0.49296875 0.034375 0.1078125
3 0.35703125 0.45078125 0.028125 0.1109375
3 0.4125 0.40234375 0.028125 0.1015625
3 0.39296875 0.33671875 0.021875 0.0859375
3 0.8375 0.4171875 0.021875 0.0796875
2 0.18984375 0.109375 0.025 0.040625
2 0.52734375 0.428125 0.05625 0.1203125
4 0.4484375 0.2078125 0.096875 0.221875
2 0.38125 0.27265625 0.0390625 0.075
2 0.359375 0.18984375 0.0359375 0.0625
4 0.38671875 0.11875 0.034375 0.090625
2 0.35703125 0.06953125 0.028125 0.0453125
2 0.34765625 0.1359375 0.03125 0.0484375
2 0.35 0.03828125 0.0265625 0.03125
2 0.334375 0.10546875 0.028125 0.04375
2 0.32578125 0.0875 0.0265625 0.040625
2 0.31875 0.0671875 0.021875 0.040625