2 0.27265625 0.87890625 0.15625 0.240625
2 0.03359375 0.77890625 0.0671875 0.134375
2 0.43125 0.58515625 0.0875 0.1796875
2 0.5375 0.43359375 0.0671875 0.1390625
2 0.34140625 0.42578125 0.103125 0.1703125
3 0.37265625 0.3125 0.0203125 0.0625
3 0.584375 0.3546875 0.0265625 0.0796875
0 0.27890625 0.20078125 0.009375 0.0671875
3 0.1671875 0.26171875 0.0125 0.0515625
3 0.11796875 0.22578125 0.0125 0.0546875
3 0.78359375 0.38359375 0.021875 0.0765625
3 0.83203125 0.37265625 0.0140625 0.071875
3 0.65234375 0.3328125 0.0203125 0.0671875
3 0.62734375 0.30859375 0.0171875 0.0578125
3 0.64453125 0.32109375 0.0140625 0.0765625
4 0.5046875 0.25 0.065625 0.1375
3 0.53359375 0.196875 0.009375 0.0609375
3 0.47265625 0.11640625 0.0125 0.0515625
2 0.43515625 0.265625 0.0484375 0.0765625
2 0.365625 0.2125 0.0390625 0.075
2 0.41015625 0.18984375 0.0390625 0.065625
2 0.43984375 0.15234375 0.034375 0.053125
2 0.3859375 0.13203125 0.034375 0.05625
2 0.34609375 0.1421875 0.03125 0.05625
2 0.33046875 0.09765625 0.028125 0.0453125
2 0.3484375 0.06015625 0.021875 0.040625
2 0.321875 0.06875 0.025 0.0359375
2 0.33984375 0.0296875 0.0203125 0.0265625