3 0.2125 0.39296875 0.021875 0.0796875
2 0.7296875 0.7640625 0.165625 0.2484375
2 0.52890625 0.46171875 0.0625 0.1421875
2 0.63359375 0.375 0.065625 0.1453125
2 0.55625 0.25234375 0.0515625 0.084375
2 0.6296875 0.21484375 0.04375 0.065625
3 0.6515625 0.2875 0.0140625 0.075
3 0.67421875 0.2515625 0.0140625 0.0609375
3 0.47109375 0.2328125 0.0140625 0.0609375
3 0.4796875 0.234375 0.0125 0.05625
0 0.9515625 0.38671875 0.0484375 0.0875
4 0.92890625 0.6390625 0.1375 0.3375
2 0.61328125 0.1296875 0.0390625 0.0609375
2 0.6546875 0.1296875 0.0265625 0.0484375
2 0.6671875 0.0953125 0.03125 0.05625
2 0.68046875 0.05625 0.0234375 0.0484375
2 0.63359375 0.02890625 0.021875 0.0359375
2 0.6625 0.0296875 0.0203125 0.0328125
2 0.68125 0.0578125 0.021875 0.040625
2 0.8109375 0.1 0.0203125 0.034375