2 0.72734375 0.87890625 0.15625 0.240625
2 0.96640625 0.77890625 0.0671875 0.134375
2 0.56875 0.58515625 0.0859375 0.1796875
2 0.4625 0.43359375 0.0671875 0.1390625
2 0.65859375 0.42578125 0.103125 0.1703125
3 0.62734375 0.3125 0.0203125 0.0625
3 0.415625 0.3546875 0.0265625 0.0796875
0 0.72109375 0.20078125 0.009375 0.0671875
3 0.8328125 0.26171875 0.0125 0.0515625
3 0.88203125 0.22578125 0.0125 0.0546875
3 0.21640625 0.38359375 0.021875 0.0765625
3 0.16796875 0.37265625 0.0140625 0.071875
3 0.34765625 0.3328125 0.0203125 0.0671875
3 0.37265625 0.30859375 0.0171875 0.0578125
3 0.35546875 0.32109375 0.0140625 0.0765625
4 0.4953125 0.25 0.065625 0.1375
3 0.46640625 0.196875 0.009375 0.0609375
3 0.52734375 0.11640625 0.0125 0.0515625
2 0.56484375 0.265625 0.0484375 0.0765625
2 0.634375 0.2125 0.0390625 0.075
2 0.58984375 0.18984375 0.0390625 0.065625
2 0.56015625 0.15234375 0.034375 0.053125
2 0.6140625 0.13203125 0.034375 0.05625
2 0.65390625 0.1421875 0.03125 0.05625
2 0.66953125 0.09765625 0.0296875 0.0453125
2 0.6515625 0.06015625 0.021875 0.040625
2 0.678125 0.06875 0.0234375 0.0359375
2 0.66015625 0.0296875 0.0203125 0.0265625