2 0.2359375 0.82109375 0.1859375 0.321875
2 0.17578125 0.634375 0.1375 0.1734375
2 0.4421875 0.5 0.0796875 0.165625
2 0.36171875 0.41796875 0.075 0.1328125
2 0.46875 0.3453125 0.053125 0.09375
3 0.36640625 0.2703125 0.0203125 0.0671875
2 0.51328125 0.27421875 0.0515625 0.0890625
2 0.44375 0.25 0.0453125 0.071875
2 0.36875 0.21875 0.04375 0.071875
2 0.3953125 0.16328125 0.0359375 0.0578125
2 0.35234375 0.165625 0.0359375 0.0609375
2 0.37890625 0.11875 0.03125 0.04375
2 0.33046875 0.09765625 0.0296875 0.0515625
2 0.365625 0.0921875 0.0296875 0.04375
2 0.34765625 0.04921875 0.021875 0.03125
2 0.33671875 0.01796875 0.0171875 0.0328125
2 0.31953125 0.0671875 0.021875 0.0390625
2 0.18984375 0.10234375 0.025 0.034375
3 0.4328125 0.06953125 0.0125 0.0359375
3 0.29296875 0.13125 0.0078125 0.04375