3 0.64765625 0.740625 0.059375 0.15625
4 0.66953125 0.4828125 0.1640625 0.2703125
2 0.5484375 0.35546875 0.0515625 0.1140625
2 0.61640625 0.24765625 0.0484375 0.0921875
2 0.55546875 0.25234375 0.04375 0.084375
3 0.6578125 0.25859375 0.0125 0.065625
2 0.59765625 0.146875 0.0390625 0.075
2 0.64765625 0.1515625 0.028125 0.0578125
2 0.6359375 0.08046875 0.0265625 0.0390625
2 0.640625 0.046875 0.0171875 0.0296875
2 0.678125 0.06640625 0.028125 0.04375
3 0.6625 0.05859375 0.0125 0.0484375
2 0.81015625 0.10234375 0.0203125 0.0390625