2 0.2171875 0.89296875 0.1640625 0.2125
2 0.44140625 0.84609375 0.1546875 0.2953125
3 0.36640625 0.26796875 0.0171875 0.0703125
2 0.421875 0.22109375 0.04375 0.065625
2 0.37265625 0.2296875 0.04375 0.071875
2 0.4046875 0.171875 0.034375 0.0484375
2 0.3609375 0.18515625 0.034375 0.0578125
3 0.31875 0.14921875 0.0125 0.0484375
3 0.44921875 0.0921875 0.0078125 0.0375
2 0.19140625 0.1046875 0.021875 0.0453125
2 0.38828125 0.14296875 0.034375 0.053125
2 0.3453125 0.14296875 0.0265625 0.05625
2 0.36640625 0.0921875 0.028125 0.040625
2 0.334375 0.10703125 0.028125 0.040625
2 0.35546875 0.0609375 0.0265625 0.0390625
2 0.32421875 0.07578125 0.03125 0.0453125
2 0.3390625 0.02265625 0.0203125 0.03125
2 0.31484375 0.0515625 0.021875 0.0359375