3 0.3765625 0.2703125 0.0171875 0.0765625
2 0.45703125 0.178125 0.034375 0.0609375
2 0.4265625 0.21171875 0.0390625 0.0640625
3 0.39296875 0.2203125 0.0125 0.0609375
2 0.36328125 0.19375 0.0359375 0.0671875
2 0.35078125 0.15234375 0.034375 0.0578125
2 0.3421875 0.11640625 0.021875 0.0453125
2 0.3328125 0.0984375 0.0265625 0.0484375
2 0.32578125 0.07109375 0.0203125 0.034375
2 0.31953125 0.053125 0.0234375 0.034375
4 0.35703125 0.040625 0.03125 0.0703125
2 0.19140625 0.10234375 0.021875 0.0390625
3 0.3015625 0.18125 0.0171875 0.0578125
3 0.22265625 0.484375 0.0625 0.0890625
3 0.115625 0.51328125 0.065625 0.09375
3 0.0484375 0.3765625 0.04375 0.0828125