3 0.3109375 0.53515625 0.0265625 0.128125
3 0.83203125 0.82578125 0.0703125 0.1640625
3 0.75390625 0.57109375 0.0515625 0.128125
2 0.6 0.54453125 0.10625 0.1734375
2 0.61328125 0.3484375 0.0515625 0.1078125
3 0.5421875 0.3703125 0.025 0.096875
2 0.515625 0.2546875 0.0453125 0.075
2 0.5640625 0.25234375 0.04375 0.0765625
2 0.63203125 0.21484375 0.04375 0.075
2 0.5875 0.18515625 0.0390625 0.065625
4 0.609375 0.1234375 0.040625 0.0828125
2 0.6546875 0.15 0.03125 0.05625
2 0.66015625 0.115625 0.0265625 0.04375
2 0.6359375 0.1046875 0.021875 0.053125
2 0.6421875 0.053125 0.0390625 0.065625
3 0.09765625 0.3265625 0.0171875 0.0796875
3 0.046875 0.44609375 0.0484375 0.0703125
2 0.66796875 0.08046875 0.0265625 0.0390625
3 0.671875 0.28984375 0.0125 0.0671875
2 0.6828125 0.05390625 0.021875 0.0484375
2 0.81015625 0.10078125 0.021875 0.04375
3 0.81640625 0.1140625 0.0125 0.0453125
3 0.828125 0.10078125 0.009375 0.04375