2 0.38828125 0.603125 0.0953125 0.16875
2 0.4671875 0.4640625 0.065625 0.128125
4 0.37890625 0.3484375 0.084375 0.1546875
2 0.54921875 0.3484375 0.0703125 0.103125
3 0.75 0.37109375 0.0203125 0.0765625
2 0.4890625 0.23671875 0.0453125 0.075
2 0.428125 0.22265625 0.0390625 0.0671875
2 0.37890625 0.23046875 0.0390625 0.0703125
2 0.3484375 0.15 0.03125 0.0625
2 0.3953125 0.14921875 0.03125 0.05625
2 0.40859375 0.0953125 0.0296875 0.0390625
2 0.37109375 0.09609375 0.0296875 0.0515625
2 0.328125 0.09375 0.0265625 0.0453125
2 0.35078125 0.05078125 0.0203125 0.0390625
2 0.3171875 0.06640625 0.021875 0.0390625
2 0.18984375 0.1 0.0203125 0.034375
3 0.10546875 0.240625 0.0140625 0.0703125
3 0.3234375 0.24375 0.0140625 0.0609375
3 0.31875 0.2328125 0.0125 0.065625
0 0.2140625 0.08671875 0.0078125 0.0390625