2 0.24375 0.6390625 0.1421875 0.2
3 0.2609375 0.3015625 0.0203125 0.0671875
2 0.8328125 0.4640625 0.134375 0.1234375
3 0.77890625 0.365625 0.0140625 0.0578125
3 0.7609375 0.35234375 0.0203125 0.075
3 0.70546875 0.353125 0.0203125 0.0640625
3 0.73828125 0.328125 0.025 0.075
3 0.6453125 0.31640625 0.0171875 0.071875
2 0.38671875 0.3453125 0.0515625 0.0890625
2 0.46484375 0.32109375 0.053125 0.084375
3 0.5 0.1703125 0.009375 0.0484375
3 0.50390625 0.15859375 0.009375 0.0484375
0 0.2640625 0.10078125 0.009375 0.0484375
2 0.18984375 0.1 0.025 0.0375
2 0.53359375 0.33046875 0.05625 0.0890625
2 0.4328125 0.24296875 0.04375 0.0828125
2 0.3640625 0.2171875 0.0359375 0.0671875
2 0.4640625 0.19140625 0.04375 0.071875
2 0.39453125 0.165625 0.040625 0.075
3 0.40859375 0.1390625 0.0125 0.0515625
4 0.4234375 0.103125 0.034375 0.0828125
3 0.34140625 0.1546875 0.0140625 0.0609375
2 0.33984375 0.11171875 0.021875 0.040625
2 0.375 0.11875 0.0359375 0.0484375
2 0.38828125 0.0640625 0.025 0.040625
2 0.36171875 0.0796875 0.028125 0.034375
2 0.32578125 0.08515625 0.021875 0.04375
2 0.35078125 0.0578125 0.0265625 0.03125
2 0.31953125 0.0671875 0.0234375 0.0359375
2 0.33984375 0.0421875 0.021875 0.0265625