2 0.2984375 0.7390625 0.1375 0.228125
2 0.33046875 0.4828125 0.09375 0.1515625
2 0.44375 0.44921875 0.071875 0.1375
2 0.5796875 0.3609375 0.084375 0.09375
2 0.4046875 0.1890625 0.0390625 0.0578125
3 0.35234375 0.28515625 0.009375 0.0703125
3 0.34765625 0.27265625 0.0078125 0.0609375
3 0.52890625 0.23671875 0.0078125 0.0609375
3 0.521875 0.2296875 0.0078125 0.0546875
4 0.34140625 0.11875 0.0453125 0.0703125
2 0.328125 0.08046875 0.0265625 0.034375
2 0.31875 0.05390625 0.0203125 0.034375
2 0.33984375 0.02890625 0.0203125 0.03125
2 0.18984375 0.1 0.025 0.03125
0 0.053125 0.3859375 0.0484375 0.0765625