3 0.65859375 0.3375 0.0171875 0.0625
2 0.26171875 0.5296875 0.1109375 0.1421875
2 0.44375 0.51328125 0.0671875 0.134375
2 0.4546875 0.37890625 0.0515625 0.1203125
4 0.4546875 0.1875 0.0875 0.1921875
4 0.35703125 0.1296875 0.053125 0.1109375
2 0.3890625 0.1203125 0.025 0.0484375
3 0.25234375 0.11875 0.009375 0.0484375
3 0.303125 0.1828125 0.0125 0.0484375
2 0.365625 0.0765625 0.021875 0.03125
2 0.3484375 0.0359375 0.0171875 0.0359375
2 0.321875 0.0625 0.0125 0.040625
2 0.31640625 0.04921875 0.021875 0.04375
2 0.33671875 0.02421875 0.0171875 0.0359375