2 0.8953125 0.8890625 0.1453125 0.221875
2 0.66484375 0.74765625 0.125 0.2234375
2 0.62109375 0.43984375 0.0703125 0.1203125
2 0.53125 0.38359375 0.053125 0.1078125
3 0.47109375 0.36875 0.025 0.09375
0 0.38671875 0.359375 0.0359375 0.0921875
3 0.30546875 0.31015625 0.021875 0.071875
2 0.609375 0.26796875 0.0453125 0.0828125
2 0.5578125 0.25 0.053125 0.0796875
2 0.61171875 0.265625 0.04375 0.084375
3 0.66953125 0.27734375 0.0125 0.0671875
2 0.8109375 0.10078125 0.025 0.0390625
2 0.59765625 0.165625 0.034375 0.05625
2 0.63671875 0.1828125 0.034375 0.0609375
2 0.6546875 0.13671875 0.028125 0.053125
3 0.62734375 0.13359375 0.009375 0.0453125
2 0.62734375 0.1046875 0.03125 0.04375
2 0.64296875 0.06484375 0.025 0.0375
2 0.6765625 0.06953125 0.0234375 0.0359375
2 0.6546875 0.03515625 0.021875 0.03125
2 0.6875 0.03515625 0.025 0.0390625