2 0.69375 0.56640625 0.1078125 0.18125
2 0.76796875 0.91953125 0.1546875 0.159375
3 0.525 0.6203125 0.03125 0.1453125
2 0.296875 0.44921875 0.1234375 0.1078125
2 0.08984375 0.44140625 0.1015625 0.084375
2 0.4578125 0.32421875 0.071875 0.11875
2 0.54453125 0.3484375 0.0453125 0.0984375
2 0.609375 0.31875 0.0515625 0.1015625
2 0.50625 0.259375 0.0390625 0.071875
2 0.58046875 0.20703125 0.0390625 0.065625
2 0.62890625 0.2078125 0.0390625 0.0921875
2 0.62109375 0.12265625 0.034375 0.0578125
2 0.6390625 0.08984375 0.0265625 0.0484375
2 0.67421875 0.078125 0.021875 0.0390625
2 0.65390625 0.0484375 0.028125 0.04375
2 0.68359375 0.0484375 0.021875 0.0390625
2 0.665625 0.01796875 0.0171875 0.021875
3 0.89921875 0.25390625 0.0125 0.0671875
2 0.80859375 0.0984375 0.025 0.0359375
3 0.8109375 0.11640625 0.0078125 0.034375
3 0.5296875 0.11796875 0.009375 0.0515625