2 0.6765625 0.78828125 0.1375 0.2328125
2 0.68359375 0.52734375 0.10625 0.15625
0 0.66953125 0.31484375 0.04375 0.0703125
3 0.56640625 0.375 0.0203125 0.1109375
3 0.8859375 0.2453125 0.0125 0.0703125
2 0.80859375 0.103125 0.0203125 0.040625
3 0.81015625 0.1140625 0.009375 0.03125
2 0.5453125 0.290625 0.0484375 0.09375
2 0.61875 0.24140625 0.0484375 0.0984375
2 0.55546875 0.22578125 0.0390625 0.0484375
2 0.5375 0.1890625 0.040625 0.0578125
2 0.6 0.16015625 0.034375 0.0515625
4 0.65234375 0.12890625 0.04375 0.09375
2 0.6140625 0.12109375 0.0265625 0.0484375
2 0.6 0.0890625 0.028125 0.040625
2 0.68359375 0.0421875 0.025 0.0484375
3 0.3796875 0.3171875 0.0140625 0.0609375
3 0.696875 0.14765625 0.0078125 0.0578125