4 0.36796875 0.38828125 0.10625 0.1765625
2 0.6046875 0.3859375 0.10625 0.1234375
2 0.47109375 0.32109375 0.0625 0.103125
2 0.515625 0.28359375 0.05625 0.1015625
2 0.4703125 0.2078125 0.0390625 0.0625
2 0.43046875 0.23828125 0.040625 0.0625
2 0.38125 0.25 0.0390625 0.0671875
2 0.36171875 0.1921875 0.0359375 0.0609375
2 0.41484375 0.18515625 0.034375 0.0484375
2 0.43046875 0.13359375 0.034375 0.0609375
2 0.38359375 0.15390625 0.03125 0.0609375
2 0.33984375 0.125 0.0296875 0.053125
3 0.39296875 0.0890625 0.0140625 0.0484375
4 0.36796875 0.08203125 0.0359375 0.075
2 0.31875 0.0421875 0.0234375 0.0515625
2 0.34765625 0.0484375 0.021875 0.0390625
2 0.18984375 0.09765625 0.025 0.0390625
3 0.321875 0.2875 0.0125 0.0625
2 0.33671875 0.01953125 0.0140625 0.025