3 0.2296875 0.60703125 0.0265625 0.121875
3 0.20078125 0.3765625 0.0171875 0.075
2 0.75234375 0.71640625 0.1546875 0.2140625
2 0.6625 0.51796875 0.090625 0.16875
2 0.609375 0.3859375 0.075 0.1234375
2 0.6046875 0.28828125 0.0515625 0.0859375
2 0.571875 0.21640625 0.040625 0.075
2 0.65 0.18515625 0.04375 0.0828125
2 0.62109375 0.11328125 0.034375 0.053125
2 0.66953125 0.09609375 0.025 0.0453125
2 0.64296875 0.0640625 0.025 0.0375
2 0.67578125 0.05625 0.021875 0.0390625
2 0.8109375 0.103125 0.021875 0.040625
3 0.48828125 0.16953125 0.0125 0.053125