2 0.6921875 0.803125 0.1375 0.2359375
2 0.821875 0.64296875 0.1328125 0.1734375
2 0.56640625 0.46171875 0.0703125 0.1390625
2 0.6078125 0.3453125 0.053125 0.103125
2 0.525 0.31640625 0.0515625 0.10625
2 0.48828125 0.26328125 0.0515625 0.103125
2 0.615625 0.25 0.0484375 0.071875
2 0.5734375 0.2078125 0.0390625 0.06875
3 0.553125 0.18359375 0.0171875 0.0609375
3 0.5953125 0.16015625 0.0203125 0.05625
2 0.634375 0.15390625 0.0390625 0.0703125
2 0.63203125 0.08046875 0.03125 0.0515625
2 0.671875 0.0796875 0.0296875 0.0515625
2 0.665625 0.01953125 0.0171875 0.0359375
2 0.81015625 0.1 0.021875 0.034375
3 0.884375 0.2359375 0.0140625 0.0671875
3 0.5265625 0.13671875 0.009375 0.0515625
3 0.69921875 0.10546875 0.0078125 0.0453125