2 0.2765625 0.84609375 0.1765625 0.2890625
2 0.209375 0.603125 0.1390625 0.1765625
2 0.3859375 0.375 0.0609375 0.115625
2 0.4734375 0.375 0.05625 0.115625
2 0.38203125 0.24765625 0.04375 0.075
2 0.41796875 0.1765625 0.034375 0.053125
2 0.3609375 0.18984375 0.0390625 0.0671875
2 0.3390625 0.109375 0.0265625 0.053125
2 0.36875 0.0890625 0.0265625 0.0609375
2 0.3703125 0.0375 0.0203125 0.034375
2 0.3421875 0.040625 0.0203125 0.0359375
2 0.3171875 0.0625 0.0234375 0.0359375
0 0.42421875 0.1 0.0125 0.04375
2 0.24296875 0.0953125 0.0296875 0.04375
3 0.28984375 0.13671875 0.0125 0.0484375
0 0.19921875 0.12265625 0.0125 0.0515625
2 0.1890625 0.103125 0.025 0.040625
3 0.18984375 0.1140625 0.0078125 0.034375
3 0.4375 0.071875 0.0078125 0.034375