2 0.25859375 0.57578125 0.128125 0.1453125
2 0.4640625 0.428125 0.059375 0.1203125
2 0.40390625 0.33984375 0.065625 0.1140625
2 0.51796875 0.26796875 0.075 0.1578125
3 0.41796875 0.25234375 0.0203125 0.0625
3 0.42421875 0.1890625 0.009375 0.0578125
2 0.4578125 0.19375 0.0390625 0.0671875
3 0.5109375 0.1578125 0.0125 0.05625
3 0.475 0.1265625 0.0078125 0.040625
4 0.35546875 0.15234375 0.0515625 0.1109375
2 0.396875 0.1390625 0.03125 0.05625
2 0.38203125 0.08671875 0.0265625 0.0453125
4 0.3484375 0.08046875 0.0390625 0.0625
2 0.19140625 0.1 0.025 0.04375
3 0.3796875 0.040625 0.0125 0.03125
2 0.35703125 0.03515625 0.0171875 0.0359375
2 0.31875 0.05859375 0.0171875 0.034375
2 0.31640625 0.0359375 0.0203125 0.034375