2 0.6390625 0.59140625 0.1140625 0.1765625
2 0.95546875 0.78984375 0.0890625 0.1828125
2 0.53515625 0.43125 0.0625 0.1390625
2 0.64765625 0.4625 0.0765625 0.1203125
2 0.61796875 0.3390625 0.053125 0.115625
3 0.6234375 0.25625 0.0140625 0.0484375
2 0.6234375 0.2125 0.0390625 0.075
2 0.65234375 0.14921875 0.0296875 0.0625
2 0.66796875 0.0984375 0.0265625 0.0484375
2 0.68125 0.03828125 0.021875 0.0484375
3 0.8375 0.30625 0.0203125 0.0671875
3 0.86171875 0.31953125 0.0171875 0.075
2 0.8125 0.10234375 0.0265625 0.0390625
3 0.8125 0.1140625 0.0125 0.0390625
3 0.4515625 0.2359375 0.0125 0.0703125
3 0.49375 0.16015625 0.0125 0.0484375
3 0.5984375 0.0265625 0.0078125 0.0359375
3 0.60546875 0.025 0.0078125 0.03125