2 0.4015625 0.71640625 0.121875 0.215625
2 0.228125 0.61171875 0.125 0.165625
2 0.08984375 0.796875 0.1703125 0.2328125
0 0.35546875 0.37734375 0.0515625 0.0875
3 0.36171875 0.29453125 0.0140625 0.075
2 0.4265625 0.225 0.04375 0.0671875
2 0.365625 0.2140625 0.0390625 0.065625
2 0.40234375 0.1578125 0.040625 0.065625
2 0.35078125 0.16015625 0.028125 0.0515625
3 0.4265625 0.14296875 0.0125 0.053125
2 0.18984375 0.0984375 0.021875 0.0359375
2 0.3453125 0.11875 0.0265625 0.0484375
2 0.36796875 0.09375 0.028125 0.0453125
2 0.39453125 0.0765625 0.0296875 0.04375
3 0.33671875 0.0296875 0.009375 0.0390625
3 0.3390625 0.0734375 0.0140625 0.0484375
2 0.32578125 0.0890625 0.028125 0.0484375
2 0.32109375 0.04921875 0.0203125 0.0453125