2 0.7703125 0.6 0.1203125 0.159375
2 0.9359375 0.8390625 0.1234375 0.2109375
2 0.5875 0.54453125 0.0890625 0.15625
2 0.4640625 0.41953125 0.0609375 0.115625
3 0.55546875 0.39765625 0.0203125 0.1140625
2 0.1359375 0.46015625 0.1109375 0.0984375
3 0.203125 0.4046875 0.0515625 0.0765625
2 0.46875 0.2921875 0.0609375 0.0859375
2 0.5359375 0.30546875 0.053125 0.096875
2 0.60078125 0.3390625 0.053125 0.0984375
3 0.703125 0.19609375 0.0171875 0.0578125
2 0.62890625 0.22578125 0.04375 0.071875
2 0.584375 0.19453125 0.0453125 0.0671875
2 0.615625 0.12890625 0.03125 0.0484375
2 0.63125 0.0921875 0.0265625 0.034375
2 0.671875 0.0953125 0.03125 0.04375
2 0.68125 0.06640625 0.0265625 0.0359375
2 0.609375 0.06015625 0.0296875 0.04375
3 0.27265625 0.32421875 0.0125 0.071875
3 0.38125 0.31640625 0.0125 0.0765625
3 0.58203125 0.0515625 0.0078125 0.04375
2 0.81015625 0.1 0.021875 0.034375
3 0.7453125 0.0359375 0.009375 0.0359375
3 0.63359375 0.0484375 0.0078125 0.03125
2 0.6625 0.01796875 0.0171875 0.0296875
2 0.63828125 0.02734375 0.0203125 0.0265625