0 0.4984375 0.9078125 0.0453125 0.18125
0 0.5375 0.86640625 0.0390625 0.16875
3 0.63671875 0.27421875 0.021875 0.0765625
4 0.89296875 0.4421875 0.209375 0.2453125
2 0.7765625 0.27265625 0.0640625 0.0859375
2 0.57578125 0.2046875 0.0390625 0.0671875
2 0.63359375 0.20546875 0.0390625 0.0703125
2 0.59765625 0.16328125 0.034375 0.0578125
2 0.646875 0.1703125 0.0390625 0.0609375
2 0.615625 0.12890625 0.0328125 0.0515625
2 0.65625 0.1265625 0.025 0.04375
2 0.6265625 0.10546875 0.0265625 0.04375
2 0.63828125 0.08203125 0.0265625 0.0390625
2 0.64453125 0.05859375 0.0265625 0.0453125
2 0.65625 0.046875 0.0203125 0.034375
2 0.67421875 0.084375 0.0296875 0.0453125
2 0.6828125 0.0640625 0.021875 0.034375