2 0.19140625 0.10234375 0.025 0.0359375
3 0.18984375 0.11796875 0.0125 0.0359375
2 0.33671875 0.01171875 0.0203125 0.021875
2 0.38359375 0.1390625 0.0265625 0.0515625
2 0.34765625 0.16015625 0.0265625 0.05625
2 0.4046875 0.1671875 0.0390625 0.0609375
2 0.4625 0.19453125 0.0390625 0.0625
2 0.41796875 0.2171875 0.0390625 0.0671875
0 0.59609375 0.3546875 0.021875 0.0828125
2 0.35078125 0.05078125 0.0234375 0.0453125
3 0.2203125 0.07421875 0.0125 0.0359375
2 0.03359375 0.7859375 0.0625 0.1546875
2 0.32109375 0.08046875 0.0234375 0.04375
2 0.353125 0.86484375 0.15 0.2703125
2 0.36328125 0.0875 0.021875 0.0453125