3 0.490625 0.16015625 0.0140625 0.0578125
3 0.4328125 0.25859375 0.0125 0.0609375
2 0.87109375 0.81875 0.16875 0.2171875
2 0.728125 0.5375 0.10625 0.153125
2 0.80859375 0.103125 0.025 0.0359375
2 0.53125 0.4234375 0.0578125 0.125
2 0.62734375 0.37109375 0.059375 0.115625
2 0.615625 0.27265625 0.040625 0.0796875
2 0.55859375 0.25703125 0.04375 0.0859375
3 0.6078125 0.21171875 0.0125 0.040625
2 0.58203125 0.20078125 0.03125 0.0671875
2 0.56875 0.1390625 0.0359375 0.0484375
2 0.65390625 0.14921875 0.0265625 0.0609375
2 0.61328125 0.1390625 0.0359375 0.0578125
2 0.63671875 0.08203125 0.021875 0.0359375
4 0.6765625 0.07109375 0.0390625 0.0703125
2 0.64921875 0.046875 0.0203125 0.034375
2 0.63125 0.03125 0.021875 0.0390625
3 0.875 0.209375 0.009375 0.05625
1 0.04296875 0.8640625 0.0828125 0.271875
3 0.7015625 0.11328125 0.0078125 0.040625