2 0.3328125 0.78984375 0.121875 0.2234375
2 0.06953125 0.7640625 0.1390625 0.23125
2 0.4578125 0.48203125 0.0703125 0.1390625
2 0.3796875 0.4125 0.0671875 0.115625
3 0.0953125 0.2640625 0.0140625 0.0625
2 0.4078125 0.31015625 0.0515625 0.084375
2 0.43125 0.21640625 0.04375 0.0765625
2 0.36796875 0.2140625 0.0484375 0.075
2 0.4 0.1390625 0.034375 0.0609375
4 0.34609375 0.134375 0.03125 0.05625
2 0.3703125 0.0953125 0.0265625 0.0515625
2 0.39296875 0.08515625 0.021875 0.0359375
2 0.32578125 0.084375 0.021875 0.0375
2 0.38125 0.053125 0.0203125 0.0296875
2 0.35703125 0.0609375 0.025 0.0359375
2 0.34375 0.03984375 0.0203125 0.0359375
2 0.31484375 0.05078125 0.0203125 0.034375
2 0.36640625 0.0265625 0.0203125 0.03125
2 0.33984375 0.0171875 0.0171875 0.021875