2 0.078125 0.79296875 0.1515625 0.221875
2 0.35 0.4734375 0.0828125 0.1453125
2 0.19140625 0.103125 0.021875 0.04375
3 0.75390625 0.334375 0.0203125 0.0703125
3 0.73671875 0.3265625 0.0203125 0.0703125
3 0.51796875 0.25859375 0.0265625 0.0671875
3 0.3390625 0.22109375 0.0125 0.0578125
3 0.47734375 0.1390625 0.0125 0.05625
2 0.3640625 0.1890625 0.0390625 0.0625
2 0.4046875 0.146875 0.03125 0.05625
2 0.3640625 0.0875 0.028125 0.0484375
2 0.31875 0.0609375 0.025 0.0515625
2 0.3421875 0.0296875 0.0203125 0.0390625
3 0.36171875 0.021875 0.0078125 0.0328125