3 0.47109375 0.234375 0.0125 0.0671875
2 0.8578125 0.88828125 0.190625 0.221875
3 0.9671875 0.74140625 0.0609375 0.1375
2 0.709375 0.55625 0.11875 0.1640625
2 0.52890625 0.515625 0.0828125 0.15
2 0.59140625 0.37265625 0.065625 0.134375
2 0.615625 0.26328125 0.0390625 0.084375
3 0.646875 0.28984375 0.0125 0.075
3 0.68515625 0.171875 0.0125 0.0484375
2 0.57578125 0.21171875 0.0390625 0.0671875
2 0.65 0.16015625 0.0390625 0.0515625
2 0.6234375 0.1140625 0.034375 0.0609375
2 0.66796875 0.09609375 0.0265625 0.0453125
2 0.6453125 0.06015625 0.0265625 0.0359375
2 0.80859375 0.0984375 0.025 0.040625
4 0.6765625 0.0515625 0.0390625 0.0546875
3 0.63671875 0.02734375 0.0078125 0.0359375