0 0.709375 0.3171875 0.040625 0.0671875
2 0.74296875 0.92734375 0.1421875 0.1453125
3 0.90234375 0.28125 0.0140625 0.0578125
3 0.92578125 0.27734375 0.0171875 0.0625
2 0.53515625 0.48828125 0.0625 0.146875
2 0.62890625 0.50234375 0.075 0.1421875
2 0.525 0.31640625 0.065625 0.1375
2 0.60546875 0.265625 0.053125 0.0984375
2 0.55078125 0.1859375 0.0390625 0.05625
2 0.6390625 0.16953125 0.0390625 0.0671875
2 0.59140625 0.103125 0.025 0.0484375
3 0.61171875 0.0828125 0.0140625 0.0484375
2 0.66015625 0.125 0.0296875 0.0515625
2 0.63203125 0.0890625 0.021875 0.0390625
2 0.64921875 0.053125 0.0203125 0.0296875
2 0.67421875 0.0890625 0.021875 0.040625
2 0.68359375 0.06015625 0.021875 0.04375
3 0.7125 0.09609375 0.0078125 0.0265625
3 0.63125 0.0359375 0.0078125 0.03125
3 0.021875 0.3296875 0.0171875 0.0609375
2 0.66015625 0.02890625 0.0203125 0.03125
2 0.66484375 0.01328125 0.0171875 0.021875