3 0.36328125 0.89921875 0.0578125 0.1828125
3 0.1703125 0.80859375 0.0484375 0.1640625
3 0.25 0.6359375 0.0515625 0.134375
3 0.228125 0.5515625 0.040625 0.128125
2 0.47734375 0.3578125 0.0515625 0.1078125
2 0.40625 0.31484375 0.0484375 0.1109375
2 0.3609375 0.18359375 0.0390625 0.0625
2 0.46875 0.2015625 0.03125 0.0609375
4 0.42421875 0.178125 0.0515625 0.1328125
2 0.3453125 0.12734375 0.0234375 0.0484375
2 0.18984375 0.1 0.025 0.034375
3 0.31640625 0.2296875 0.0125 0.0671875
3 0.303125 0.2515625 0.0171875 0.0609375
4 0.37109375 0.0796875 0.0296875 0.05625
3 0.3390625 0.0265625 0.0046875 0.034375
2 0.4203125 0.1046875 0.025 0.034375
2 0.32578125 0.0734375 0.0234375 0.0359375
2 0.31875 0.04453125 0.0203125 0.0265625