3 0.4109375 0.60234375 0.0390625 0.1390625
3 0.33203125 0.55859375 0.040625 0.1203125
3 0.2296875 0.546875 0.04375 0.11875
3 0.52421875 0.41953125 0.021875 0.10625
3 0.47109375 0.38203125 0.0265625 0.096875
2 0.49609375 0.2953125 0.0453125 0.0859375
2 0.390625 0.290625 0.0484375 0.0765625
2 0.4359375 0.24375 0.0390625 0.075
2 0.365625 0.203125 0.0390625 0.071875
2 0.40859375 0.19375 0.0359375 0.0578125
4 0.4 0.09609375 0.0703125 0.1453125
4 0.3484375 0.103125 0.0390625 0.084375
2 0.321875 0.053125 0.0203125 0.034375
2 0.35078125 0.05546875 0.0203125 0.034375
3 0.7234375 0.41015625 0.0171875 0.071875
3 0.30546875 0.15234375 0.009375 0.053125
2 0.34765625 0.03515625 0.0203125 0.0296875
2 0.3375 0.021875 0.0140625 0.0265625
2 0.31640625 0.04296875 0.021875 0.040625
2 0.18984375 0.10078125 0.0203125 0.03125