3 0.73203125 0.80390625 0.0296875 0.1421875
3 0.84609375 0.48046875 0.0203125 0.0890625
3 0.48203125 0.1296875 0.0125 0.0484375
2 0.15390625 0.6859375 0.15 0.2046875
2 0.39921875 0.59765625 0.10625 0.16875
2 0.39453125 0.30390625 0.0609375 0.1078125
2 0.4671875 0.30859375 0.059375 0.096875
2 0.42421875 0.2078125 0.04375 0.075
2 0.36171875 0.20078125 0.0390625 0.0671875
2 0.353125 0.1421875 0.03125 0.0609375
3 0.3234375 0.240625 0.009375 0.0625
2 0.36875 0.084375 0.028125 0.0453125
2 0.35234375 0.03984375 0.021875 0.040625
2 0.18984375 0.103125 0.021875 0.0390625
3 0.28515625 0.10078125 0.0078125 0.040625