2 0.76328125 0.92578125 0.1515625 0.146875
2 0.63125 0.63671875 0.0984375 0.178125
2 0.65859375 0.459375 0.0890625 0.1640625
0 0.6625 0.303125 0.04375 0.084375
3 0.93125 0.28515625 0.0171875 0.0625
3 0.040625 0.65234375 0.0265625 0.0984375
2 0.5265625 0.37109375 0.0453125 0.1109375
2 0.6 0.3375 0.0453125 0.09375
2 0.62109375 0.2359375 0.04375 0.075
2 0.55078125 0.27421875 0.0515625 0.0765625
2 0.55859375 0.17421875 0.0390625 0.071875
2 0.6390625 0.16953125 0.034375 0.0703125
2 0.66484375 0.12734375 0.0265625 0.0484375
2 0.63828125 0.0890625 0.021875 0.0484375
2 0.81015625 0.10078125 0.021875 0.0359375
2 0.62265625 0.046875 0.025 0.034375
2 0.65 0.05390625 0.025 0.034375
2 0.6765625 0.0828125 0.0234375 0.0390625
2 0.68515625 0.0515625 0.025 0.04375
2 0.66953125 0.015625 0.0171875 0.0265625