2 0.88828125 0.88828125 0.2046875 0.2234375
2 0.6703125 0.60703125 0.1015625 0.1765625
2 0.61875 0.3734375 0.0578125 0.103125
2 0.453125 0.3328125 0.065625 0.0984375
2 0.55546875 0.2765625 0.0515625 0.0828125
2 0.63359375 0.19921875 0.0390625 0.0609375
2 0.584375 0.21171875 0.0390625 0.0609375
3 0.678125 0.2484375 0.0140625 0.0671875
2 0.5578125 0.16015625 0.028125 0.0515625
2 0.60234375 0.16015625 0.03125 0.0484375
2 0.6296875 0.109375 0.028125 0.04375
2 0.66953125 0.09375 0.028125 0.0578125
2 0.6453125 0.071875 0.021875 0.0359375
2 0.68125 0.05625 0.0203125 0.0296875
2 0.65859375 0.0328125 0.0203125 0.03125
2 0.6703125 0.015625 0.0203125 0.03125
3 0.60234375 0.03828125 0.0078125 0.034375
2 0.81015625 0.103125 0.025 0.040625
3 0.8125 0.1140625 0.009375 0.040625