2 0.18203125 0.88046875 0.1765625 0.2390625
2 0.1609375 0.634375 0.1515625 0.184375
2 0.46015625 0.44609375 0.059375 0.13125
2 0.36796875 0.390625 0.065625 0.1421875
3 0.33671875 0.2859375 0.0125 0.065625
3 0.30546875 0.16796875 0.0125 0.0484375
3 0.56640625 0.27265625 0.0140625 0.071875
2 0.44921875 0.26796875 0.04375 0.0765625
2 0.3890625 0.265625 0.0390625 0.065625
2 0.41484375 0.19140625 0.04375 0.0578125
2 0.3578125 0.18515625 0.04375 0.0671875
2 0.4109375 0.14296875 0.028125 0.05625
2 0.240625 0.0953125 0.034375 0.040625
2 0.1890625 0.10078125 0.025 0.0390625
3 0.1828125 0.1109375 0.0140625 0.04375
2 0.36328125 0.08046875 0.025 0.04375
2 0.34375 0.13125 0.0265625 0.0390625
2 0.3265625 0.09140625 0.0265625 0.0390625
2 0.3171875 0.053125 0.0234375 0.034375
2 0.33515625 0.015625 0.0203125 0.0296875
3 0.96640625 0.35078125 0.0171875 0.084375