4 0.5734375 0.55390625 0.1328125 0.3078125
2 0.62734375 0.40234375 0.0671875 0.1234375
2 0.4828125 0.353125 0.0515625 0.0984375
2 0.5515625 0.271875 0.0484375 0.0828125
2 0.61171875 0.2796875 0.0453125 0.0890625
3 0.6609375 0.290625 0.0125 0.0671875
3 0.66796875 0.2484375 0.009375 0.0515625
2 0.5015625 0.25 0.04375 0.0671875
2 0.54296875 0.18359375 0.034375 0.0578125
2 0.63125 0.209375 0.0390625 0.0671875
3 0.62734375 0.15234375 0.0140625 0.04375
4 0.60234375 0.14296875 0.0390625 0.065625
2 0.6546875 0.1265625 0.028125 0.0609375
2 0.6359375 0.07578125 0.0265625 0.0453125
2 0.68125 0.053125 0.021875 0.040625
2 0.80859375 0.0953125 0.0203125 0.03125