2 0.709375 0.78125 0.1421875 0.240625
2 0.6921875 0.5296875 0.0984375 0.1453125
2 0.5625 0.49140625 0.075 0.1328125
2 0.42578125 0.36328125 0.0796875 0.09375
3 0.17421875 0.415625 0.0203125 0.071875
3 0.12265625 0.428125 0.021875 0.0765625
3 0.4015625 0.31875 0.0125 0.0625
0 0.69609375 0.30546875 0.0234375 0.0796875
2 0.5265625 0.36796875 0.0515625 0.096875
2 0.60546875 0.3078125 0.04375 0.0890625
2 0.625 0.22734375 0.040625 0.0671875
2 0.60546875 0.1578125 0.03125 0.053125
2 0.6421875 0.17421875 0.028125 0.0578125
3 0.478125 0.21015625 0.0125 0.0515625
3 0.490625 0.1609375 0.0125 0.0484375
2 0.62734375 0.1 0.028125 0.05625
2 0.6703125 0.08984375 0.025 0.0453125
2 0.646875 0.05390625 0.021875 0.04375
2 0.65625 0.0265625 0.021875 0.0359375
2 0.81015625 0.1078125 0.025 0.04375
3 0.86640625 0.2234375 0.0125 0.0515625