3 0.2140625 0.665625 0.0296875 0.11875
2 0.33671875 0.40234375 0.0984375 0.10625
2 0.73046875 0.68515625 0.1421875 0.2125
2 0.9640625 0.740625 0.0703125 0.1734375
2 0.80859375 0.1046875 0.025 0.04375
2 0.57421875 0.50390625 0.0703125 0.1390625
2 0.6265625 0.3796875 0.059375 0.1203125
2 0.54921875 0.30625 0.0484375 0.0828125
2 0.61875 0.26328125 0.0515625 0.0796875
2 0.5671875 0.1859375 0.040625 0.0703125
2 0.62265625 0.19609375 0.034375 0.0515625
3 0.53828125 0.15390625 0.0234375 0.0484375
2 0.6203125 0.12265625 0.0390625 0.0515625
2 0.6609375 0.12265625 0.028125 0.0609375
2 0.6046875 0.06015625 0.028125 0.053125
2 0.63671875 0.0828125 0.0265625 0.04375
2 0.68046875 0.07421875 0.0265625 0.0390625
2 0.63125 0.040625 0.0203125 0.0390625
2 0.65625 0.03359375 0.0171875 0.0359375
2 0.68125 0.040625 0.021875 0.0390625