2 0.13671875 0.875 0.196875 0.25
3 0.71640625 0.93515625 0.040625 0.1296875
1 0.96171875 0.86328125 0.0765625 0.2640625
2 0.4328125 0.509375 0.075 0.1328125
2 0.3421875 0.421875 0.075 0.125
2 0.459375 0.36796875 0.05625 0.1171875
2 0.390625 0.2828125 0.04375 0.084375
2 0.44375 0.259375 0.04375 0.0796875
2 0.3578125 0.1859375 0.0390625 0.065625
2 0.39765625 0.16796875 0.03125 0.05625
3 0.6140625 0.31953125 0.0171875 0.075
2 0.3375 0.12734375 0.0296875 0.0484375
2 0.19140625 0.10078125 0.021875 0.034375
3 0.1234375 0.2015625 0.009375 0.0609375
3 0.1 0.2640625 0.0140625 0.0609375
2 0.3640625 0.0890625 0.0265625 0.040625
2 0.38203125 0.071875 0.0203125 0.0390625
2 0.375 0.0421875 0.021875 0.0265625
2 0.32578125 0.0953125 0.0296875 0.040625
2 0.31640625 0.05390625 0.021875 0.0359375
2 0.3484375 0.0453125 0.021875 0.034375
3 0.5359375 0.1921875 0.0125 0.0515625
3 0.2984375 0.10703125 0.0078125 0.040625