0 0.44609375 0.62265625 0.0265625 0.1296875
3 0.35703125 0.3125 0.0171875 0.0671875
3 0.65625 0.4703125 0.0265625 0.103125
2 0.546875 0.3609375 0.0515625 0.10625
2 0.4859375 0.2921875 0.05625 0.09375
2 0.6078125 0.3171875 0.0515625 0.125
3 0.55625 0.24609375 0.0125 0.0703125
2 0.5265625 0.2203125 0.0390625 0.0625
2 0.6234375 0.2359375 0.0453125 0.075
2 0.55078125 0.15859375 0.0359375 0.0515625
2 0.64453125 0.17578125 0.0359375 0.0609375
4 0.60234375 0.1203125 0.059375 0.103125
2 0.66796875 0.10703125 0.034375 0.05625
2 0.64296875 0.07578125 0.0265625 0.0453125
2 0.615625 0.0609375 0.025 0.0359375
2 0.6453125 0.05546875 0.0203125 0.03125
2 0.67578125 0.0828125 0.0265625 0.04375
2 0.6828125 0.05390625 0.021875 0.0390625
2 0.63671875 0.0265625 0.0203125 0.03125
3 0.67421875 0.24140625 0.009375 0.0625