3 0.78515625 0.7609375 0.03125 0.1453125
3 0.8171875 0.84609375 0.04375 0.1328125
3 0.8578125 0.85703125 0.0296875 0.121875
4 0.11640625 0.6625 0.2328125 0.4046875
2 0.3796875 0.62890625 0.10625 0.18125
2 0.484375 0.37890625 0.053125 0.103125
2 0.396875 0.290625 0.04375 0.0828125
2 0.44453125 0.24609375 0.0515625 0.075
2 0.46875 0.19453125 0.0390625 0.0625
2 0.3640625 0.18515625 0.0390625 0.075
2 0.3609375 0.0734375 0.0265625 0.04375
2 0.33671875 0.0984375 0.0265625 0.040625
3 0.3453125 0.28828125 0.0125 0.0671875
3 0.33046875 0.25625 0.0125 0.0625
3 0.4640625 0.10234375 0.0078125 0.0453125
2 0.18984375 0.1 0.021875 0.034375