3 0.19453125 0.7546875 0.0453125 0.1640625
2 0.725 0.4265625 0.11875 0.0984375
2 0.5265625 0.384375 0.053125 0.115625
2 0.3921875 0.2921875 0.0453125 0.0921875
2 0.45703125 0.30078125 0.0484375 0.0828125
3 0.48203125 0.27421875 0.0171875 0.0703125
2 0.4859375 0.2328125 0.0453125 0.071875
3 0.5015625 0.15390625 0.0140625 0.053125
2 0.4125 0.1921875 0.034375 0.0671875
2 0.36328125 0.1875 0.0390625 0.0703125
2 0.396875 0.1390625 0.028125 0.0453125
3 0.40390625 0.0984375 0.0125 0.04375
2 0.34609375 0.13125 0.025 0.04375
2 0.37890625 0.10078125 0.0203125 0.040625
2 0.3640625 0.08671875 0.0234375 0.040625
2 0.33515625 0.103125 0.028125 0.040625
2 0.35546875 0.0625 0.021875 0.034375
2 0.35 0.04921875 0.0203125 0.0296875
2 0.3421875 0.0328125 0.025 0.0359375
2 0.3234375 0.078125 0.0234375 0.04375
2 0.31875 0.05390625 0.0203125 0.034375
3 0.2875 0.1234375 0.0078125 0.0484375
2 0.18984375 0.10078125 0.021875 0.040625