3 0.0203125 0.71484375 0.0296875 0.1234375
3 0.41796875 0.31875 0.0171875 0.0828125
3 0.8375 0.625 0.05625 0.1328125
3 0.80546875 0.5609375 0.0515625 0.10625
2 0.57421875 0.62734375 0.096875 0.1734375
2 0.6453125 0.446875 0.0828125 0.134375
3 0.665625 0.290625 0.0125 0.071875
2 0.60546875 0.31875 0.0484375 0.0890625
2 0.56640625 0.22109375 0.04375 0.0671875
2 0.61875 0.234375 0.0390625 0.0796875
2 0.6 0.16015625 0.034375 0.0515625
2 0.64296875 0.1671875 0.0390625 0.0625
4 0.625 0.0828125 0.04375 0.0921875
2 0.6671875 0.1140625 0.028125 0.0515625
2 0.6765625 0.06875 0.028125 0.040625
2 0.81015625 0.10078125 0.0265625 0.0390625
3 0.81484375 0.10703125 0.0125 0.0359375
2 0.66328125 0.0171875 0.0203125 0.0265625
3 0.60703125 0.0203125 0.009375 0.034375
4 0.74765625 0.046875 0.0265625 0.0484375
3 0.71171875 0.1109375 0.0078125 0.0390625