2 0.615625 0.63359375 0.115625 0.1796875
2 0.65625 0.4796875 0.084375 0.1421875
3 0.084375 0.63203125 0.021875 0.115625
2 0.59375 0.30078125 0.0453125 0.0921875
2 0.53984375 0.271875 0.0546875 0.075
2 0.63125 0.2203125 0.040625 0.075
2 0.58984375 0.1734375 0.04375 0.071875
2 0.65859375 0.13359375 0.03125 0.0578125
2 0.62109375 0.115625 0.03125 0.0625
2 0.63828125 0.07421875 0.034375 0.05625
2 0.67421875 0.1 0.025 0.0453125
2 0.6765625 0.06484375 0.021875 0.0359375
2 0.65 0.01171875 0.0203125 0.021875
2 0.8109375 0.0984375 0.025 0.0390625