3 0.8265625 0.85703125 0.03125 0.1328125
3 0.834375 0.4515625 0.025 0.0828125
2 0.52890625 0.615625 0.096875 0.2046875
2 0.3890625 0.6609375 0.1078125 0.2109375
2 0.2453125 0.946875 0.1203125 0.103125
2 0.33046875 0.475 0.0921875 0.1375
2 0.49296875 0.4171875 0.0578125 0.1234375
3 0.45703125 0.29453125 0.0171875 0.0765625
3 0.33671875 0.25234375 0.0171875 0.0671875
2 0.39296875 0.30546875 0.0453125 0.0828125
2 0.43125 0.24140625 0.0390625 0.065625
2 0.4 0.16796875 0.0359375 0.0609375
2 0.34609375 0.13671875 0.03125 0.065625
2 0.375 0.08984375 0.0296875 0.04375
2 0.353125 0.046875 0.021875 0.0390625
2 0.31953125 0.05390625 0.021875 0.0453125
2 0.19140625 0.10078125 0.021875 0.034375