2 0.71171875 0.87890625 0.1640625 0.240625
2 0.9484375 0.82578125 0.103125 0.190625
2 0.5640625 0.55546875 0.0828125 0.16875
2 0.5890625 0.29453125 0.0703125 0.1296875
0 0.65390625 0.3078125 0.0390625 0.0796875
3 0.9203125 0.33984375 0.021875 0.0828125
3 0.68125 0.16796875 0.0125 0.0484375
2 0.63203125 0.21640625 0.0390625 0.0625
2 0.65390625 0.146875 0.03125 0.0609375
3 0.62265625 0.13125 0.009375 0.0515625
2 0.61875 0.0984375 0.03125 0.040625
2 0.64453125 0.04921875 0.0265625 0.040625
2 0.671875 0.0921875 0.021875 0.0484375
2 0.68125 0.05546875 0.0203125 0.0359375
2 0.771875 0.03515625 0.0203125 0.0359375
2 0.8109375 0.0984375 0.0265625 0.034375
3 0.8109375 0.11875 0.0125 0.03125
3 0.0296875 0.7390625 0.03125 0.1328125