3 0.7859375 0.665625 0.0296875 0.11875
2 0.66328125 0.40234375 0.0984375 0.10625
2 0.26953125 0.68515625 0.1421875 0.2125
2 0.0359375 0.740625 0.0703125 0.1734375
2 0.19140625 0.1046875 0.025 0.04375
2 0.42578125 0.50390625 0.0703125 0.1390625
2 0.3734375 0.3796875 0.0609375 0.1203125
2 0.45078125 0.30625 0.0484375 0.0828125
2 0.38125 0.26328125 0.0515625 0.0796875
2 0.4328125 0.1859375 0.040625 0.0703125
2 0.37734375 0.19609375 0.0328125 0.0515625
3 0.46171875 0.15390625 0.025 0.0484375
2 0.3796875 0.12265625 0.0390625 0.0515625
2 0.3390625 0.12265625 0.0296875 0.0609375
2 0.3953125 0.06015625 0.0296875 0.053125
2 0.36328125 0.0828125 0.0265625 0.04375
2 0.31953125 0.07421875 0.0265625 0.0390625
2 0.36875 0.040625 0.0203125 0.0390625
2 0.34375 0.03359375 0.0171875 0.0359375
2 0.31875 0.040625 0.021875 0.0390625