2 0.19609375 0.78125 0.1296875 0.2234375
2 0.3375 0.5265625 0.09375 0.1546875
2 0.46015625 0.42890625 0.065625 0.1375
2 0.71484375 0.4484375 0.1296875 0.11875
2 0.5328125 0.31875 0.0671875 0.0953125
3 0.5484375 0.24296875 0.0140625 0.0515625
3 0.4671875 0.296875 0.0125 0.084375
3 0.44453125 0.334375 0.0171875 0.084375
2 0.39765625 0.3078125 0.0515625 0.0890625
2 0.42890625 0.23203125 0.04375 0.075
2 0.37265625 0.21484375 0.040625 0.0828125
3 0.13671875 0.24609375 0.0125 0.0578125
3 0.11796875 0.24765625 0.0125 0.053125
3 0.09609375 0.25390625 0.0171875 0.0625
2 0.19140625 0.1 0.025 0.0375
3 0.18984375 0.115625 0.0125 0.03125
2 0.23671875 0.0984375 0.03125 0.0484375
2 0.38671875 0.134375 0.034375 0.0484375
2 0.3484375 0.1515625 0.0359375 0.065625
2 0.396875 0.08671875 0.0265625 0.0390625
2 0.365625 0.084375 0.0265625 0.04375
2 0.3265625 0.08984375 0.028125 0.0453125
2 0.35078125 0.05390625 0.0234375 0.0390625
2 0.3421875 0.0328125 0.021875 0.0296875
2 0.3109375 0.0375 0.0171875 0.034375
3 0.453125 0.0875 0.0125 0.0390625