3 0.26640625 0.971875 0.0359375 0.05625
2 0.57109375 0.65390625 0.115625 0.209375
2 0.9125 0.77890625 0.1703125 0.25
2 0.7046875 0.553125 0.1109375 0.159375
2 0.58984375 0.3453125 0.0515625 0.1328125
2 0.53984375 0.296875 0.053125 0.0828125
3 0.48828125 0.1671875 0.025 0.05625
2 0.63125 0.2328125 0.0390625 0.075
2 0.59765625 0.17890625 0.04375 0.0875
2 0.65 0.1609375 0.0359375 0.0609375
3 0.62734375 0.134375 0.0171875 0.053125
2 0.6203125 0.1203125 0.0234375 0.040625
2 0.61640625 0.0890625 0.021875 0.03125
2 0.6 0.06640625 0.025 0.0609375
2 0.6421875 0.07578125 0.0203125 0.034375
2 0.6765625 0.07109375 0.028125 0.04375
2 0.6578125 0.03125 0.0203125 0.0359375
2 0.634375 0.0484375 0.0203125 0.0265625
2 0.81015625 0.10078125 0.025 0.040625
3 0.91953125 0.28515625 0.0203125 0.0609375