3 0.3703125 0.29921875 0.021875 0.0671875
3 0.30390625 0.203125 0.0125 0.053125
3 0.56640625 0.27421875 0.0125 0.075
2 0.18984375 0.0984375 0.021875 0.03125
3 0.1828125 0.11328125 0.0140625 0.040625
2 0.41953125 0.2125 0.034375 0.0671875
2 0.3890625 0.1265625 0.034375 0.0578125
2 0.365625 0.21171875 0.0390625 0.075
2 0.353125 0.178125 0.03125 0.053125
2 0.34609375 0.1421875 0.0265625 0.040625
2 0.3375 0.115625 0.028125 0.03125
2 0.33515625 0.08984375 0.0265625 0.03125
2 0.3640625 0.0265625 0.0265625 0.0359375
2 0.3171875 0.0734375 0.021875 0.0359375
2 0.31953125 0.0359375 0.0203125 0.03125
2 0.3171875 0.59765625 0.1203125 0.1640625
2 0.27890625 0.91796875 0.1640625 0.1640625