3 0.0484375 0.7484375 0.03125 0.1203125
3 0.4578125 0.31015625 0.0171875 0.0703125
2 0.60703125 0.725 0.1203125 0.2578125
2 0.7140625 0.571875 0.1078125 0.159375
2 0.61640625 0.41328125 0.0546875 0.103125
3 0.63828125 0.334375 0.0203125 0.0796875
2 0.81015625 0.10234375 0.0265625 0.0359375
2 0.571875 0.225 0.0359375 0.065625
2 0.63203125 0.2125 0.0390625 0.0609375
3 0.59765625 0.2359375 0.0125 0.0625
2 0.60234375 0.165625 0.034375 0.0484375
2 0.6578125 0.12734375 0.0265625 0.0515625
2 0.6453125 0.0609375 0.0265625 0.0390625
3 0.67578125 0.24140625 0.0125 0.0578125