3 0.77890625 0.78359375 0.0703125 0.178125
2 0.9109375 0.7640625 0.178125 0.2140625
3 0.5484375 0.57578125 0.034375 0.128125
2 0.6609375 0.52734375 0.115625 0.1859375
2 0.5140625 0.4515625 0.059375 0.134375
3 0.65625 0.36875 0.0171875 0.0765625
3 0.68046875 0.36796875 0.0171875 0.084375
3 0.6875 0.25625 0.0140625 0.0609375
3 0.65234375 0.26796875 0.0171875 0.0671875
3 0.66484375 0.24375 0.009375 0.0578125
3 0.12734375 0.4046875 0.025 0.0828125
3 0.509375 0.26171875 0.0171875 0.0765625
3 0.58671875 0.225 0.0171875 0.0671875
2 0.625 0.2140625 0.0359375 0.0671875
2 0.6421875 0.165625 0.034375 0.0578125
2 0.6296875 0.0953125 0.03125 0.0484375
2 0.65859375 0.1453125 0.028125 0.05625
2 0.66328125 0.10546875 0.0265625 0.0484375
2 0.68125 0.07109375 0.021875 0.0390625
2 0.80859375 0.10078125 0.021875 0.0359375
3 0.59765625 0.05546875 0.0078125 0.04375