2 0.24296875 0.72265625 0.1421875 0.2328125
2 0.453125 0.58046875 0.0984375 0.153125
2 0.45703125 0.44375 0.05625 0.1203125
2 0.54453125 0.4109375 0.05625 0.1234375
2 0.47265625 0.3296875 0.0515625 0.0953125
2 0.384375 0.3546875 0.0515625 0.10625
3 0.62109375 0.31640625 0.0203125 0.075
2 0.3765625 0.2390625 0.040625 0.0703125
2 0.42421875 0.2078125 0.04375 0.075
2 0.3921875 0.14921875 0.034375 0.0609375
2 0.35 0.15 0.0265625 0.0625
2 0.36875 0.103125 0.025 0.040625
2 0.3546875 0.0640625 0.021875 0.034375
3 0.321875 0.06015625 0.0078125 0.040625
2 0.34140625 0.046875 0.0203125 0.03125
3 0.4859375 0.1390625 0.009375 0.0390625
2 0.19140625 0.10078125 0.021875 0.0359375
3 0.2046875 0.03984375 0.0125 0.0359375