3 0.07421875 0.384375 0.0203125 0.071875
3 0.4109375 0.321875 0.0140625 0.071875
3 0.4625 0.2640625 0.0125 0.0671875
3 0.51953125 0.13125 0.0125 0.0484375
3 0.6078125 0.8421875 0.0484375 0.16875
3 0.7390625 0.7484375 0.0515625 0.16875
2 0.82421875 0.73828125 0.128125 0.2125
2 0.72734375 0.37734375 0.0453125 0.0890625
2 0.69453125 0.5296875 0.1296875 0.178125
2 0.52265625 0.5265625 0.071875 0.1421875
2 0.6078125 0.384375 0.059375 0.1171875
2 0.53984375 0.31015625 0.0515625 0.1078125
0 0.68125 0.30625 0.0390625 0.0625
2 0.63359375 0.225 0.0359375 0.0609375
4 0.58203125 0.14296875 0.0765625 0.1734375
3 0.63125 0.1453125 0.009375 0.05625
3 0.64296875 0.09765625 0.0125 0.0484375
2 0.6671875 0.10234375 0.028125 0.0515625
3 0.5828125 0.0484375 0.0078125 0.0265625
2 0.68359375 0.06015625 0.021875 0.0484375
2 0.81015625 0.103125 0.021875 0.040625
3 0.71640625 0.103125 0.009375 0.0390625