3 0.84375 0.4890625 0.021875 0.0796875
4 0.41328125 0.58671875 0.2078125 0.346875
2 0.3453125 0.43125 0.0828125 0.146875
2 0.475 0.33046875 0.0515625 0.10625
2 0.3890625 0.2921875 0.0484375 0.1078125
2 0.4265625 0.24609375 0.0453125 0.075
2 0.35 0.1609375 0.03125 0.0625
2 0.44921875 0.16328125 0.034375 0.0671875
2 0.41953125 0.1875 0.034375 0.0578125
2 0.390625 0.15234375 0.0296875 0.053125
2 0.3765625 0.115625 0.0296875 0.05625
2 0.39296875 0.0828125 0.0203125 0.0453125
3 0.32421875 0.240625 0.0078125 0.05625
2 0.33046875 0.1046875 0.0296875 0.0515625
2 0.35234375 0.06640625 0.0296875 0.0390625
2 0.34375 0.03984375 0.021875 0.0359375
2 0.3703125 0.03515625 0.0234375 0.0359375
2 0.3109375 0.0453125 0.0203125 0.0390625
2 0.18984375 0.1046875 0.025 0.0359375