4 0.3640625 0.5484375 0.2765625 0.4828125
2 0.61875 0.39921875 0.1015625 0.1109375
2 0.47109375 0.2921875 0.05625 0.0546875
4 0.396875 0.24296875 0.075 0.1578125
2 0.43125 0.20078125 0.034375 0.0609375
2 0.359375 0.18984375 0.034375 0.075
2 0.34765625 0.12265625 0.0296875 0.0484375
2 0.359375 0.07109375 0.021875 0.0484375
2 0.3296875 0.08515625 0.0296875 0.053125
3 0.30859375 0.22265625 0.0125 0.0609375
2 0.18984375 0.0953125 0.021875 0.03125
3 0.21640625 0.1 0.009375 0.04375
0 0.390625 0.05390625 0.0125 0.040625
2 0.33984375 0.03359375 0.0203125 0.0296875
3 0.58984375 0.27265625 0.0125 0.0625
0 0.36796875 0.01796875 0.0078125 0.0328125