3 0.24609375 0.35078125 0.0140625 0.0703125
3 0.353125 0.3125 0.0171875 0.065625
3 0.4234375 0.3390625 0.021875 0.084375
3 0.44453125 0.21875 0.0125 0.0671875
3 0.4671875 0.3015625 0.025 0.075
3 0.6421875 0.3609375 0.021875 0.0890625
3 0.57109375 0.3109375 0.0203125 0.0859375
3 0.6921875 0.24609375 0.0125 0.0671875
3 0.69453125 0.16015625 0.0125 0.0609375
2 0.56875 0.2359375 0.04375 0.0765625
2 0.521875 0.2234375 0.04375 0.075
2 0.54921875 0.171875 0.0390625 0.05625
2 0.63359375 0.2046875 0.0359375 0.0703125
2 0.6 0.15859375 0.0359375 0.0625
3 0.5828125 0.14921875 0.0078125 0.0515625
2 0.64765625 0.15859375 0.0359375 0.065625
3 0.625 0.140625 0.0125 0.0515625
2 0.65625 0.11875 0.0265625 0.0328125
2 0.6140625 0.11796875 0.03125 0.0359375
2 0.63125 0.0953125 0.028125 0.04375
2 0.66796875 0.0921875 0.0296875 0.04375
2 0.64296875 0.071875 0.0265625 0.04375
2 0.6765625 0.06640625 0.0265625 0.04375
2 0.64765625 0.046875 0.0234375 0.034375
2 0.80859375 0.0984375 0.021875 0.0390625
3 0.86796875 0.196875 0.0140625 0.053125