3 0.04921875 0.54453125 0.021875 0.11875
3 0.4109375 0.28359375 0.0203125 0.0765625
2 0.890625 0.73046875 0.1765625 0.209375
2 0.74296875 0.91015625 0.1453125 0.178125
2 0.5921875 0.615625 0.096875 0.184375
2 0.65390625 0.46171875 0.0875 0.1546875
3 0.66328125 0.2859375 0.0125 0.065625
4 0.52421875 0.33203125 0.0796875 0.2015625
2 0.6109375 0.31484375 0.04375 0.0890625
2 0.58515625 0.196875 0.0359375 0.065625
2 0.62109375 0.2140625 0.0515625 0.075
3 0.6296875 0.15625 0.0125 0.0484375
3 0.65859375 0.16328125 0.0140625 0.0609375
2 0.61796875 0.125 0.03125 0.0515625
2 0.6578125 0.12890625 0.028125 0.0484375
2 0.67890625 0.06484375 0.0265625 0.0375
2 0.6578125 0.0359375 0.0203125 0.040625
2 0.80859375 0.0984375 0.021875 0.03125
3 0.8140625 0.11328125 0.0125 0.0453125
3 0.5953125 0.03515625 0.0078125 0.034375
3 0.71015625 0.11328125 0.009375 0.040625