2 0.46015625 0.603125 0.0875 0.184375
3 0.30625 0.6671875 0.04375 0.146875
2 0.140625 0.66484375 0.1390625 0.1796875
2 0.37890625 0.3703125 0.05625 0.1078125
2 0.4734375 0.37734375 0.0609375 0.128125
2 0.515625 0.2953125 0.0515625 0.0953125
3 0.65 0.31953125 0.0140625 0.075
2 0.37109375 0.2203125 0.04375 0.0703125
2 0.18984375 0.10078125 0.021875 0.0359375
3 0.29921875 0.1359375 0.0140625 0.0453125
2 0.4328125 0.2171875 0.04375 0.075
2 0.4578125 0.18125 0.034375 0.0609375
3 0.45078125 0.1390625 0.0125 0.0265625
2 0.35234375 0.1546875 0.034375 0.0515625
2 0.3796875 0.13125 0.034375 0.0578125
2 0.365625 0.0890625 0.0296875 0.0390625
2 0.334375 0.1140625 0.0265625 0.040625
2 0.3265625 0.0671875 0.021875 0.0390625
2 0.35546875 0.053125 0.021875 0.0359375
2 0.37734375 0.0421875 0.021875 0.03125
2 0.3421875 0.0265625 0.0171875 0.034375
2 0.31640625 0.0359375 0.0203125 0.0296875
2 0.36171875 0.0140625 0.0203125 0.028125