3 0.5828125 0.32421875 0.0125 0.071875
2 0.52734375 0.59765625 0.0828125 0.16875
2 0.44921875 0.50859375 0.0671875 0.1453125
2 0.38359375 0.72265625 0.10625 0.2046875
2 0.30546875 0.56640625 0.09375 0.1703125
2 0.36875 0.25625 0.021875 0.071875
2 0.41796875 0.196875 0.040625 0.0625
2 0.375 0.13125 0.04375 0.0515625
2 0.33046875 0.0921875 0.0265625 0.0484375
4 0.3234375 0.04921875 0.03125 0.0453125
2 0.3375 0.021875 0.0140625 0.03125
2 0.1890625 0.10234375 0.021875 0.03125
3 0.2171875 0.0796875 0.0078125 0.0484375
3 0.35703125 0.16796875 0.021875 0.0296875