3 0.95078125 0.54453125 0.021875 0.11875
3 0.5890625 0.28359375 0.0203125 0.0765625
2 0.109375 0.73046875 0.1765625 0.209375
2 0.25703125 0.91015625 0.1453125 0.178125
2 0.4078125 0.615625 0.0953125 0.184375
2 0.34609375 0.46171875 0.0859375 0.1546875
3 0.33671875 0.2859375 0.0125 0.065625
4 0.47578125 0.33203125 0.0796875 0.2015625
2 0.3890625 0.31484375 0.04375 0.0890625
2 0.41484375 0.196875 0.0359375 0.065625
2 0.37890625 0.2140625 0.0515625 0.075
3 0.3703125 0.15625 0.0125 0.0484375
3 0.34140625 0.16328125 0.0140625 0.0609375
2 0.38203125 0.125 0.03125 0.0515625
2 0.3421875 0.12890625 0.0296875 0.0484375
2 0.32109375 0.06484375 0.0265625 0.0375
2 0.3421875 0.0359375 0.0203125 0.040625
2 0.19140625 0.0984375 0.021875 0.03125
3 0.1859375 0.11328125 0.0125 0.0453125
3 0.4046875 0.03515625 0.0078125 0.034375
3 0.28984375 0.11328125 0.009375 0.040625