2 0.171875 0.7828125 0.1828125 0.259375
4 0.3125 0.43515625 0.15625 0.271875
3 0.490625 0.4015625 0.0171875 0.096875
2 0.45703125 0.31015625 0.0515625 0.1015625
3 0.4 0.2703125 0.0171875 0.0765625
3 0.4484375 0.2234375 0.0140625 0.0609375
3 0.459375 0.2453125 0.0171875 0.0265625
2 0.36640625 0.19609375 0.0484375 0.0796875
2 0.3453125 0.13828125 0.0296875 0.0578125
3 0.44140625 0.16328125 0.0125 0.0578125
3 0.3703125 0.0421875 0.009375 0.0390625
3 0.34765625 0.04453125 0.009375 0.0359375
2 0.35546875 0.06484375 0.021875 0.0375
3 0.48828125 0.146875 0.009375 0.0515625
2 0.32421875 0.08046875 0.0265625 0.0359375
2 0.31484375 0.03984375 0.0203125 0.0359375
2 0.18984375 0.10078125 0.021875 0.0359375
3 0.228125 0.146875 0.0078125 0.0484375
0 0.24765625 0.1390625 0.021875 0.0515625
3 0.1734375 0.10703125 0.009375 0.0453125