2 0.35703125 0.740625 0.1421875 0.2171875
2 0.26328125 0.55546875 0.125 0.159375
3 0.4421875 0.5328125 0.03125 0.1328125
2 0.7328125 0.4390625 0.10625 0.115625
3 0.51328125 0.39921875 0.0203125 0.096875
3 0.14453125 0.18359375 0.0125 0.0484375
2 0.3921875 0.3140625 0.0484375 0.0921875
2 0.46875 0.28125 0.04375 0.0828125
2 0.42578125 0.225 0.04375 0.0703125
2 0.36328125 0.1984375 0.0390625 0.0765625
2 0.4359375 0.15234375 0.0359375 0.0625
2 0.384375 0.13359375 0.0296875 0.0515625
3 0.384375 0.0671875 0.0078125 0.0390625
2 0.34140625 0.12734375 0.0296875 0.0484375
2 0.36328125 0.078125 0.0265625 0.0390625
2 0.33203125 0.09375 0.025 0.0390625
3 0.31484375 0.16015625 0.0140625 0.0515625
2 0.3234375 0.05625 0.021875 0.0359375
2 0.33984375 0.03828125 0.0203125 0.0359375
3 0.209375 0.03828125 0.009375 0.04375
3 0.9703125 0.3328125 0.0140625 0.0546875