2 0.396875 0.66015625 0.10625 0.1953125
2 0.23671875 0.6109375 0.15 0.2078125
3 0.67578125 0.71484375 0.0296875 0.1203125
3 0.31484375 0.49296875 0.0359375 0.103125
3 0.525 0.21015625 0.0171875 0.065625
3 0.146875 0.1734375 0.0125 0.0609375
2 0.18984375 0.10078125 0.025 0.0359375
2 0.38203125 0.34375 0.0671875 0.159375
2 0.459375 0.4203125 0.0578125 0.1203125
2 0.37890625 0.23671875 0.04375 0.065625
2 0.41328125 0.19140625 0.04375 0.084375
2 0.34765625 0.15390625 0.0296875 0.0484375
3 0.36796875 0.12734375 0.0125 0.0484375
2 0.3640625 0.08984375 0.0265625 0.04375
2 0.3296875 0.10078125 0.025 0.040625
2 0.3171875 0.06015625 0.021875 0.0359375
2 0.3296875 0.0203125 0.0171875 0.0265625
3 0.3234375 0.24140625 0.0125 0.065625