2 0.30625 0.50234375 0.1453125 0.2390625
0 0.19375 0.22109375 0.0171875 0.0671875
3 0.4703125 0.2796875 0.025 0.0796875
3 0.35234375 0.26171875 0.0171875 0.0609375
2 0.38671875 0.13125 0.034375 0.05625
2 0.35234375 0.140625 0.040625 0.0703125
2 0.3609375 0.07578125 0.03125 0.05625
3 0.90859375 0.41328125 0.025 0.0796875
3 0.396875 0.0203125 0.003125 0.0296875
3 0.39296875 0.02265625 0.0046875 0.0296875
3 0.32109375 0.1671875 0.009375 0.0515625
3 0.31640625 0.13125 0.009375 0.0515625
2 0.33515625 0.109375 0.03125 0.053125
2 0.3265625 0.08203125 0.028125 0.0453125
2 0.31484375 0.05078125 0.021875 0.034375
2 0.18984375 0.0984375 0.025 0.0359375
3 0.1875 0.1140625 0.0125 0.034375