2 0.8109375 0.1046875 0.025 0.04375
3 0.8109375 0.115625 0.0078125 0.03125
2 0.6625 0.11875 0.028125 0.0515625
3 0.51328125 0.13125 0.0078125 0.04375
3 0.61171875 0.015625 0.0125 0.03125
2 0.60546875 0.15234375 0.0390625 0.0671875
3 0.61796875 0.0171875 0.0078125 0.034375
2 0.646875 0.165625 0.034375 0.05625
2 0.5734375 0.2171875 0.040625 0.0671875
3 0.4515625 0.23828125 0.0140625 0.0671875
2 0.61328125 0.2640625 0.0453125 0.0828125
3 0.86640625 0.303125 0.0140625 0.0640625
3 0.8921875 0.30625 0.0171875 0.0625
3 0.51328125 0.30859375 0.0171875 0.0828125
2 0.546875 0.3734375 0.0609375 0.1203125
2 0.6859375 0.04453125 0.025 0.0359375
2 0.546875 0.59375 0.0875 0.159375
2 0.87265625 0.7828125 0.159375 0.246875
2 0.640625 0.08671875 0.025 0.040625