2 0.93125 0.8265625 0.134375 0.2234375
3 0.7296875 0.9203125 0.084375 0.15625
2 0.59140625 0.6046875 0.10625 0.1953125
2 0.66328125 0.4828125 0.09375 0.134375
3 0.59375 0.375 0.0203125 0.0890625
2 0.5421875 0.28515625 0.0484375 0.0796875
2 0.5796875 0.2203125 0.0390625 0.0703125
2 0.640625 0.178125 0.034375 0.05625
3 0.6625 0.28515625 0.0125 0.0671875
0 0.384375 0.359375 0.0328125 0.0796875
3 0.303125 0.31015625 0.0171875 0.0703125
3 0.44453125 0.225 0.0140625 0.0609375
2 0.60546875 0.1453125 0.034375 0.0515625
2 0.65390625 0.13125 0.03125 0.0625
2 0.634375 0.084375 0.03125 0.0453125
2 0.66796875 0.08984375 0.0265625 0.0453125
2 0.65859375 0.0328125 0.0203125 0.03125
2 0.81015625 0.0953125 0.0203125 0.0390625
2 0.5328125 0.415625 0.059375 0.1109375
3 0.7921875 0.1109375 0.0140625 0.0359375