2 0.896875 0.8921875 0.1828125 0.2140625
2 0.6578125 0.74140625 0.11875 0.21875
3 0.678125 0.52421875 0.0359375 0.1171875
2 0.54921875 0.4 0.0578125 0.125
2 0.12265625 0.46875 0.115625 0.09375
3 0.37265625 0.3015625 0.0140625 0.0625
3 0.390625 0.31015625 0.0171875 0.0625
3 0.6515625 0.2859375 0.0171875 0.075
2 0.60703125 0.28515625 0.0484375 0.084375
2 0.56875 0.23828125 0.04375 0.0765625
3 0.6078125 0.1875 0.0140625 0.065625
2 0.63671875 0.19140625 0.034375 0.065625
2 0.6078125 0.14453125 0.034375 0.075
2 0.6625 0.12890625 0.03125 0.0515625
2 0.63203125 0.0953125 0.028125 0.0390625
2 0.6734375 0.0921875 0.028125 0.0375
2 0.640625 0.0734375 0.0265625 0.0390625
2 0.6828125 0.0609375 0.021875 0.03125
2 0.65 0.0484375 0.025 0.03125
2 0.6578125 0.03515625 0.025 0.0390625
2 0.81015625 0.10078125 0.021875 0.034375
3 0.8734375 0.24375 0.009375 0.065625
3 0.884375 0.2453125 0.009375 0.0546875
3 0.7125 0.08984375 0.0078125 0.03125