3 0.87265625 0.7984375 0.03125 0.125
3 0.8015625 0.46640625 0.021875 0.0875
2 0.33046875 0.921875 0.1546875 0.1546875
2 0.13203125 0.853125 0.10625 0.209375
2 0.28515625 0.60703125 0.1140625 0.15625
2 0.45546875 0.54296875 0.09375 0.1734375
2 0.47578125 0.353125 0.0484375 0.1375
2 0.38828125 0.35703125 0.0515625 0.115625
2 0.446875 0.2515625 0.0625 0.103125
2 0.3765625 0.25 0.0390625 0.0796875
2 0.41015625 0.165625 0.0390625 0.0671875
2 0.36171875 0.1828125 0.0359375 0.065625
2 0.33671875 0.115625 0.0265625 0.0484375
2 0.39296875 0.07421875 0.03125 0.0484375
3 0.37109375 0.05625 0.0078125 0.04375
2 0.353125 0.0609375 0.0234375 0.04375
2 0.3265625 0.06875 0.0296875 0.0515625
2 0.3125 0.05078125 0.0203125 0.04375
2 0.1890625 0.1 0.025 0.0375