2 0.1671875 0.65234375 0.1859375 0.21875
4 0.36640625 0.7546875 0.21875 0.4890625
2 0.4625 0.4546875 0.059375 0.1375
2 0.36875 0.3921875 0.071875 0.134375
3 0.3328125 0.25625 0.0171875 0.0703125
2 0.18984375 0.103125 0.021875 0.0453125
2 0.44140625 0.24296875 0.04375 0.084375
2 0.484375 0.21484375 0.040625 0.0828125
2 0.39765625 0.15390625 0.034375 0.0625
2 0.3484375 0.15234375 0.0265625 0.0484375
2 0.39765625 0.08046875 0.0234375 0.04375
3 0.3703125 0.09140625 0.0125 0.0484375
2 0.3546875 0.07578125 0.0203125 0.0390625
2 0.32421875 0.08515625 0.021875 0.04375
2 0.3453125 0.0421875 0.0203125 0.0328125
2 0.31015625 0.02265625 0.0203125 0.03125
3 0.78359375 0.36328125 0.0203125 0.0765625