3 0.578125 0.53828125 0.025 0.10625
3 0.48671875 0.5375 0.0203125 0.1109375
3 0.53828125 0.2859375 0.0140625 0.0703125
3 0.5640625 0.3171875 0.0171875 0.075
3 0.5609375 0.27734375 0.0125 0.053125
3 0.66328125 0.24140625 0.0125 0.053125
3 0.58515625 0.25 0.0203125 0.071875
2 0.62734375 0.2125 0.0390625 0.0609375
2 0.59609375 0.16484375 0.0390625 0.0671875
3 0.571875 0.13671875 0.0125 0.0453125
2 0.6421875 0.165625 0.03125 0.0515625
2 0.65625 0.1453125 0.0265625 0.0515625
2 0.6578125 0.109375 0.0265625 0.040625
2 0.640625 0.07109375 0.0265625 0.04375
2 0.67890625 0.0734375 0.021875 0.0359375
3 0.7796875 0.1109375 0.0125 0.0453125
2 0.81015625 0.10078125 0.021875 0.0390625
3 0.58046875 0.0640625 0.0078125 0.034375
3 0.03515625 0.35546875 0.0125 0.0625
3 0.59765625 0.053125 0.0078125 0.0359375
2 0.6859375 0.0484375 0.0171875 0.03125
3 0.78984375 0.0265625 0.009375 0.0359375