2 0.82421875 0.59140625 0.1703125 0.2
2 0.615625 0.8375 0.125 0.2453125
3 0.478125 0.571875 0.03125 0.121875
3 0.4984375 0.40390625 0.021875 0.0984375
4 0.59609375 0.4125 0.10625 0.2125
2 0.55390625 0.271875 0.0484375 0.0875
3 0.67421875 0.2859375 0.0125 0.0625
2 0.6109375 0.31953125 0.0390625 0.084375
3 0.603125 0.24296875 0.0125 0.0609375
4 0.634375 0.17578125 0.05625 0.1390625
2 0.6703125 0.08046875 0.034375 0.053125
3 0.603125 0.0828125 0.0125 0.04375
3 0.62265625 0.08671875 0.009375 0.04375
3 0.6359375 0.0625 0.009375 0.040625
2 0.603125 0.14921875 0.025 0.0609375
3 0.63125 0.08984375 0.0078125 0.0265625
3 0.51171875 0.1515625 0.009375 0.0515625
2 0.81015625 0.09765625 0.021875 0.03125
0 0.83515625 0.1609375 0.034375 0.0515625