2 0.79453125 0.63671875 0.1203125 0.18125
4 0.646875 0.64453125 0.1453125 0.3375
2 0.49296875 0.5640625 0.084375 0.15
2 0.44453125 0.428125 0.05625 0.125
2 0.65 0.43125 0.0703125 0.1328125
2 0.54453125 0.4015625 0.065625 0.1296875
3 0.61796875 0.328125 0.0171875 0.0828125
2 0.54453125 0.2859375 0.0515625 0.0984375
2 0.61640625 0.2609375 0.0484375 0.0796875
2 0.56640625 0.23203125 0.04375 0.071875
2 0.646875 0.1734375 0.03125 0.0609375
2 0.59375 0.17421875 0.0390625 0.0828125
2 0.5796875 0.11171875 0.028125 0.040625
2 0.665625 0.11875 0.03125 0.0453125
2 0.61328125 0.12890625 0.03125 0.053125
2 0.62734375 0.0953125 0.028125 0.0453125
2 0.640625 0.06953125 0.025 0.040625
2 0.67421875 0.07421875 0.0265625 0.0390625
3 0.66015625 0.0484375 0.0078125 0.0359375
2 0.66953125 0.0171875 0.0171875 0.03125
3 0.603125 0.0359375 0.0078125 0.03125
2 0.81015625 0.0984375 0.021875 0.0359375