3 0.9421875 0.60703125 0.021875 0.090625
2 0.39765625 0.55859375 0.0875 0.146875
2 0.66796875 0.428125 0.1140625 0.1015625
2 0.40859375 0.36875 0.053125 0.1078125
2 0.44453125 0.2765625 0.04375 0.0828125
2 0.47734375 0.24296875 0.034375 0.0703125
2 0.37265625 0.2203125 0.04375 0.0703125
2 0.41015625 0.19140625 0.0390625 0.0609375
3 0.45546875 0.18046875 0.0140625 0.0453125
2 0.43359375 0.1421875 0.0390625 0.0484375
2 0.35078125 0.1734375 0.034375 0.0609375
2 0.3859375 0.1296875 0.0296875 0.0484375
2 0.33046875 0.09609375 0.0234375 0.0375
2 0.3640625 0.0875 0.0296875 0.040625
2 0.359375 0.05625 0.025 0.0296875
2 0.32109375 0.0578125 0.0171875 0.03125
2 0.24296875 0.07109375 0.0203125 0.0390625
2 0.18984375 0.103125 0.021875 0.0359375
4 0.23671875 0.025 0.034375 0.0484375