3 0.14765625 0.4671875 0.0203125 0.0765625
3 0.0640625 0.7609375 0.034375 0.1171875
2 0.81015625 0.10078125 0.025 0.034375
3 0.62265625 0.23828125 0.0140625 0.0625
2 0.56953125 0.2078125 0.034375 0.0625
2 0.634375 0.20078125 0.0390625 0.0609375
2 0.60234375 0.16328125 0.034375 0.0515625
2 0.640625 0.16015625 0.0296875 0.0359375
2 0.615625 0.11640625 0.028125 0.040625
2 0.5875 0.103125 0.028125 0.04375
2 0.65625 0.13125 0.021875 0.0484375
2 0.63203125 0.10234375 0.0234375 0.0484375
2 0.6515625 0.0359375 0.021875 0.0359375
2 0.66953125 0.0953125 0.025 0.040625
2 0.678125 0.06875 0.0203125 0.0375