2 0.4734375 0.5 0.0671875 0.1453125
2 0.66484375 0.65 0.128125 0.1921875
2 0.946875 0.7046875 0.103125 0.221875
2 0.553125 0.3703125 0.05625 0.1390625
2 0.603125 0.3140625 0.0484375 0.09375
2 0.5890625 0.18359375 0.04375 0.0671875
2 0.634375 0.2015625 0.0390625 0.0625
2 0.6515625 0.13671875 0.028125 0.0609375
2 0.62890625 0.0890625 0.0296875 0.0515625
2 0.67421875 0.0875 0.028125 0.0453125
2 0.67890625 0.05625 0.0234375 0.0359375
2 0.64453125 0.0203125 0.0203125 0.034375
3 0.86875 0.203125 0.0125 0.0484375
2 0.81015625 0.10078125 0.025 0.0359375
3 0.8109375 0.11171875 0.0078125 0.0296875
3 0.71484375 0.11328125 0.0125 0.0453125
3 0.61796875 0.03515625 0.009375 0.0359375
3 0.54921875 0.0921875 0.0078125 0.0375
0 0.78125 0.06875 0.0203125 0.034375