2 0.24296875 0.7203125 0.128125 0.209375
2 0.42890625 0.58046875 0.090625 0.1765625
3 0.58984375 0.2828125 0.0171875 0.075
2 0.35703125 0.4375 0.075 0.125
3 0.4953125 0.3390625 0.0203125 0.0859375
2 0.390625 0.2875 0.04375 0.0828125
2 0.46640625 0.38125 0.0515625 0.1109375
2 0.4421875 0.25625 0.0390625 0.075
2 0.4046875 0.16015625 0.034375 0.0625
3 0.375 0.1625 0.009375 0.0484375
2 0.36171875 0.1875 0.034375 0.0625
3 0.303125 0.2203125 0.0171875 0.0703125
2 0.18984375 0.10078125 0.0203125 0.0359375
3 0.12890625 0.23046875 0.0125 0.0484375
2 0.3421875 0.125 0.028125 0.0515625
4 0.359375 0.05859375 0.0359375 0.084375
2 0.38671875 0.0640625 0.021875 0.0375
2 0.321875 0.07109375 0.028125 0.0515625