2 0.6421875 0.853125 0.1640625 0.29375
2 0.72109375 0.6046875 0.146875 0.2078125
2 0.97578125 0.7921875 0.04375 0.1421875
2 0.61875 0.4171875 0.0625 0.1203125
2 0.53359375 0.36875 0.0578125 0.1171875
3 0.4203125 0.35234375 0.034375 0.084375
3 0.56484375 0.2765625 0.021875 0.0828125
3 0.5953125 0.3015625 0.0171875 0.0859375
0 0.6859375 0.2953125 0.04375 0.0859375
3 0.80546875 0.1703125 0.0203125 0.0453125
2 0.80859375 0.1 0.021875 0.034375
2 0.6265625 0.23046875 0.040625 0.075
2 0.59140625 0.19140625 0.0390625 0.0578125
2 0.6078125 0.146875 0.0296875 0.0390625
2 0.65859375 0.13125 0.03125 0.05625
2 0.625 0.10234375 0.0265625 0.0484375
2 0.671875 0.0921875 0.0265625 0.04375
2 0.64296875 0.0625 0.021875 0.0359375
2 0.63125 0.0359375 0.0171875 0.03125
2 0.6546875 0.0328125 0.0203125 0.03125
2 0.678125 0.053125 0.0265625 0.053125
3 0.60703125 0.01953125 0.0078125 0.0265625
3 0.91953125 0.2828125 0.009375 0.0609375
3 0.93125 0.27734375 0.0125 0.0671875