2 0.18125 0.44453125 0.1140625 0.096875
2 0.81875 0.7203125 0.15 0.2046875
2 0.55859375 0.56484375 0.0828125 0.1734375
2 0.6734375 0.5140625 0.0875 0.1515625
3 0.453125 0.46171875 0.025 0.0984375
2 0.53828125 0.36328125 0.053125 0.0984375
2 0.6109375 0.33515625 0.0515625 0.1140625
2 0.57578125 0.2296875 0.04375 0.0828125
2 0.54296875 0.18359375 0.0390625 0.071875
4 0.6453125 0.1625 0.053125 0.1015625
2 0.63671875 0.084375 0.0265625 0.0375
2 0.6734375 0.08671875 0.0265625 0.0515625
2 0.64921875 0.05390625 0.0203125 0.0359375
2 0.63125 0.02890625 0.0171875 0.0265625
2 0.6875 0.0421875 0.0203125 0.0265625
2 0.66328125 0.0328125 0.0171875 0.0390625
2 0.81015625 0.10078125 0.021875 0.0390625
3 0.875 0.23828125 0.0140625 0.0625