3 0.896875 0.49609375 0.0171875 0.0875
2 0.28828125 0.93984375 0.128125 0.11875
2 0.20078125 0.6453125 0.15 0.1875
2 0.4375 0.515625 0.09375 0.165625
2 0.3578125 0.42578125 0.0875 0.1390625
0 0.33984375 0.2984375 0.04375 0.0796875
2 0.51953125 0.321875 0.0515625 0.0953125
2 0.38828125 0.2875 0.04375 0.0828125
2 0.4171875 0.22265625 0.0390625 0.0703125
2 0.4703125 0.21171875 0.040625 0.0640625
2 0.36328125 0.203125 0.034375 0.065625
2 0.4015625 0.16796875 0.0359375 0.05625
2 0.34609375 0.140625 0.0296875 0.0578125
2 0.36875 0.1046875 0.0265625 0.04375
2 0.3234375 0.0828125 0.0265625 0.04375
2 0.18984375 0.103125 0.0203125 0.040625
2 0.3734375 0.0453125 0.0234375 0.034375
2 0.35234375 0.0609375 0.0203125 0.0390625
2 0.33515625 0.0265625 0.0140625 0.03125