2 0.91484375 0.7140625 0.159375 0.2
2 0.7359375 0.8578125 0.1828125 0.28125
2 0.640625 0.58046875 0.125 0.215625
2 0.44453125 0.51171875 0.0703125 0.165625
2 0.54296875 0.44609375 0.0625 0.134375
2 0.63671875 0.39453125 0.065625 0.11875
2 0.5453125 0.2984375 0.053125 0.1109375
2 0.62109375 0.2484375 0.04375 0.075
2 0.56953125 0.2203125 0.04375 0.071875
2 0.640625 0.1765625 0.0359375 0.0625
2 0.5921875 0.165625 0.034375 0.0609375
2 0.6109375 0.1265625 0.034375 0.0484375
3 0.6578125 0.134375 0.0125 0.0328125
2 0.66953125 0.1 0.03125 0.04375
2 0.640625 0.0796875 0.0265625 0.0390625
2 0.61875 0.0484375 0.025 0.0515625
2 0.67578125 0.0734375 0.025 0.0390625
2 0.65 0.05390625 0.021875 0.034375
2 0.66484375 0.0203125 0.0203125 0.034375
2 0.6890625 0.046875 0.021875 0.034375
3 0.771875 0.12890625 0.009375 0.0453125
2 0.81015625 0.10078125 0.025 0.0359375
3 0.58671875 0.05078125 0.0046875 0.0359375