3 0.8453125 0.45078125 0.0203125 0.084375
2 0.24375 0.94140625 0.1328125 0.115625
4 0.28125 0.53359375 0.2171875 0.353125
2 0.46484375 0.58671875 0.103125 0.196875
4 0.490625 0.3421875 0.0796875 0.24375
3 0.46015625 0.2015625 0.0140625 0.0609375
3 0.31953125 0.2875 0.0125 0.0703125
2 0.41328125 0.18515625 0.0390625 0.065625
2 0.36796875 0.18125 0.034375 0.0578125
3 0.39765625 0.13828125 0.0125 0.0484375
2 0.38203125 0.09609375 0.03125 0.0515625
2 0.34609375 0.12109375 0.034375 0.0609375
2 0.321875 0.06640625 0.03125 0.053125
2 0.3421875 0.0296875 0.0203125 0.0359375
2 0.19140625 0.0984375 0.021875 0.0453125