2 0.25 0.58046875 0.128125 0.190625
2 0.459375 0.5875 0.0875 0.1640625
2 0.36796875 0.4359375 0.0703125 0.128125
2 0.396875 0.27265625 0.0515625 0.084375
2 0.453125 0.2234375 0.0390625 0.0609375
2 0.36171875 0.19375 0.0359375 0.065625
2 0.384375 0.1203125 0.0296875 0.0546875
2 0.33984375 0.125 0.0296875 0.071875
3 0.2484375 0.18359375 0.0203125 0.05625
3 0.3234375 0.24296875 0.009375 0.0609375
2 0.3234375 0.0734375 0.0234375 0.0515625
2 0.334375 0.0203125 0.0171875 0.034375
2 0.1890625 0.1 0.021875 0.040625
3 0.859375 0.3265625 0.0203125 0.0578125