3 0.8890625 0.68515625 0.0703125 0.1390625
2 0.6234375 0.64296875 0.125 0.184375
2 0.6625 0.48203125 0.0875 0.1375
2 0.5109375 0.38125 0.0703125 0.1296875
2 0.61640625 0.353125 0.0625 0.103125
2 0.60546875 0.25625 0.04375 0.071875
2 0.56875 0.2171875 0.04375 0.065625
2 0.64921875 0.15390625 0.034375 0.053125
3 0.67890625 0.2484375 0.021875 0.0671875
3 0.61328125 0.05546875 0.0125 0.0484375
2 0.64765625 0.05625 0.021875 0.0359375
2 0.678125 0.07109375 0.0265625 0.040625
2 0.81015625 0.10234375 0.025 0.0390625