3 0.5671875 0.59375 0.034375 0.1328125
3 0.73828125 0.49296875 0.034375 0.1078125
3 0.64296875 0.45078125 0.028125 0.1109375
3 0.5875 0.40234375 0.028125 0.1015625
3 0.60703125 0.33671875 0.021875 0.0859375
3 0.1625 0.4171875 0.021875 0.0796875
2 0.81015625 0.109375 0.025 0.040625
2 0.47265625 0.428125 0.05625 0.1203125
4 0.5515625 0.2078125 0.096875 0.221875
2 0.61875 0.27265625 0.0390625 0.075
2 0.640625 0.18984375 0.0359375 0.0625
4 0.61328125 0.11875 0.034375 0.090625
2 0.64296875 0.06953125 0.028125 0.0453125
2 0.65234375 0.1359375 0.03125 0.0484375
2 0.65 0.03828125 0.0265625 0.03125
2 0.665625 0.10546875 0.028125 0.04375
2 0.67421875 0.0875 0.0265625 0.040625
2 0.68125 0.0671875 0.021875 0.040625