3 0.3953125 0.8953125 0.065625 0.2078125
2 0.2234375 0.8609375 0.1859375 0.246875
4 0.32109375 0.45546875 0.1875 0.3109375
2 0.4703125 0.49296875 0.0796875 0.1546875
2 0.51796875 0.33984375 0.053125 0.0890625
2 0.4359375 0.23828125 0.0453125 0.075
2 0.38828125 0.2703125 0.0484375 0.0875
2 0.36875 0.2125 0.04375 0.0671875
2 0.40234375 0.16015625 0.0390625 0.05625
2 0.34765625 0.13828125 0.034375 0.0515625
2 0.39453125 0.0890625 0.0296875 0.0484375
2 0.3609375 0.078125 0.0296875 0.04375
2 0.33515625 0.0921875 0.0265625 0.034375
2 0.36328125 0.0421875 0.0265625 0.0265625
3 0.49765625 0.1703125 0.0125 0.0515625
3 0.4703125 0.1078125 0.0125 0.0515625
3 0.08203125 0.2765625 0.0171875 0.0625
2 0.19140625 0.10078125 0.0265625 0.040625
2 0.31953125 0.03828125 0.0265625 0.04375
3 0.30078125 0.109375 0.0125 0.040625