2 0.65625 0.75 0.1328125 0.2453125
2 0.74140625 0.6609375 0.1203125 0.1953125
2 0.6453125 0.4796875 0.0828125 0.134375
3 0.5484375 0.44140625 0.021875 0.0984375
2 0.38125 0.3890625 0.1078125 0.103125
2 0.60234375 0.3421875 0.0515625 0.115625
2 0.5359375 0.29453125 0.0484375 0.0796875
0 0.884375 0.3390625 0.040625 0.0765625
2 0.578125 0.18515625 0.0390625 0.0578125
2 0.62734375 0.18515625 0.04375 0.071875
2 0.60078125 0.06875 0.028125 0.0515625
2 0.66328125 0.11171875 0.028125 0.05625
2 0.63671875 0.08046875 0.025 0.0453125
2 0.68359375 0.0453125 0.021875 0.0453125
3 0.490625 0.1625 0.025 0.0578125
2 0.6515625 0.0484375 0.0265625 0.0359375
2 0.68515625 0.0453125 0.0171875 0.03125
2 0.81015625 0.09765625 0.025 0.034375