3 0.1734375 0.80078125 0.0390625 0.1390625
3 0.80546875 0.31875 0.0265625 0.0796875
0 0.51171875 0.33203125 0.0453125 0.0765625
0 0.90390625 0.37109375 0.0453125 0.084375
2 0.8109375 0.0984375 0.025 0.0359375
3 0.8140625 0.11640625 0.0125 0.0265625
3 0.56484375 0.265625 0.021875 0.0765625
2 0.634375 0.2171875 0.04375 0.0671875
2 0.58046875 0.203125 0.040625 0.0671875
2 0.60703125 0.14296875 0.0390625 0.0609375
2 0.64765625 0.16328125 0.0390625 0.0515625
3 0.6359375 0.12109375 0.0140625 0.05625
3 0.63828125 0.0875 0.0125 0.0390625
2 0.6609375 0.125 0.0234375 0.0390625
4 0.64921875 0.0359375 0.0265625 0.0625
2 0.678125 0.05390625 0.0265625 0.040625
2 0.6671875 0.1046875 0.0265625 0.040625