4 0.0890625 0.75703125 0.1734375 0.25
2 0.26796875 0.9578125 0.128125 0.084375
2 0.46171875 0.484375 0.075 0.1390625
2 0.4859375 0.3296875 0.05625 0.0953125
2 0.38828125 0.3109375 0.0515625 0.0984375
2 0.43359375 0.24140625 0.0515625 0.084375
2 0.36796875 0.22265625 0.040625 0.0625
3 0.3234375 0.24609375 0.0140625 0.0609375
2 0.3921875 0.16328125 0.034375 0.0515625
2 0.3484375 0.16484375 0.03125 0.0609375
2 0.375 0.10703125 0.0296875 0.04375
3 0.3328125 0.10546875 0.0140625 0.0484375
2 0.321875 0.0828125 0.0203125 0.0359375
2 0.34765625 0.04453125 0.025 0.0390625
2 0.31484375 0.04296875 0.0203125 0.034375
2 0.18984375 0.1 0.0265625 0.034375
3 0.4015625 0.02890625 0.0078125 0.0390625
3 0.61875 0.31875 0.0171875 0.0796875