2 0.72578125 0.87890625 0.1484375 0.240625
2 0.55078125 0.3921875 0.05625 0.1078125
4 0.61796875 0.22734375 0.0453125 0.1296875
4 0.571875 0.1734375 0.0671875 0.1640625
2 0.64453125 0.17421875 0.03125 0.065625
2 0.615625 0.1140625 0.028125 0.0515625
2 0.6546875 0.12109375 0.03125 0.0578125
2 0.68046875 0.0765625 0.021875 0.04375
2 0.6546875 0.04453125 0.025 0.0515625
3 0.6921875 0.125 0.0078125 0.0484375
3 0.6765625 0.25 0.0125 0.0578125
2 0.81015625 0.0984375 0.0265625 0.0359375
3 0.8125 0.115625 0.0125 0.040625