2 0.41484375 0.65625 0.09375 0.1953125
2 0.3390625 0.46484375 0.0890625 0.18125
2 0.3921875 0.3078125 0.04375 0.096875
2 0.459375 0.296875 0.0515625 0.0875
3 0.321875 0.24765625 0.0125 0.0578125
2 0.4078125 0.1359375 0.0453125 0.0984375
2 0.36171875 0.16328125 0.0390625 0.0671875
2 0.375 0.1046875 0.0296875 0.0484375
2 0.33671875 0.109375 0.03125 0.053125
2 0.32109375 0.0640625 0.028125 0.0453125
3 0.375 0.05859375 0.009375 0.040625
3 0.41796875 0.053125 0.0078125 0.034375
3 0.3140625 0.1234375 0.0078125 0.0484375
3 0.30390625 0.12734375 0.0125 0.0515625
2 0.18984375 0.10078125 0.025 0.0359375
3 0.1890625 0.115625 0.0125 0.03125
2 0.04296875 0.78515625 0.084375 0.178125