2 0.27265625 0.875 0.15 0.25
2 0.33203125 0.57109375 0.1015625 0.165625
2 0.50234375 0.52421875 0.075 0.146875
2 0.43046875 0.359375 0.0484375 0.10625
2 0.41953125 0.2640625 0.0453125 0.084375
2 0.5328125 0.31484375 0.053125 0.0890625
2 0.4640625 0.20078125 0.0390625 0.0625
2 0.396875 0.15234375 0.0359375 0.053125
2 0.35703125 0.1578125 0.03125 0.0625
2 0.4234375 0.12265625 0.034375 0.0578125
2 0.36328125 0.0828125 0.0296875 0.0453125
2 0.33671875 0.11875 0.0265625 0.04375
2 0.33046875 0.08515625 0.0265625 0.04375
2 0.31640625 0.06640625 0.021875 0.0390625
2 0.35078125 0.04921875 0.021875 0.0265625
2 0.1890625 0.103125 0.025 0.040625
3 0.1890625 0.11328125 0.009375 0.0265625
3 0.0875 0.2765625 0.0171875 0.0625
2 0.34140625 0.02890625 0.0234375 0.0484375