3 0.83046875 0.71171875 0.0578125 0.1390625
3 0.66328125 0.75390625 0.04375 0.18125
2 0.65234375 0.92890625 0.125 0.1390625
3 0.25390625 0.46171875 0.0203125 0.0921875
3 0.3140625 0.31875 0.0171875 0.075
3 0.446875 0.2171875 0.0125 0.0578125
2 0.53828125 0.4234375 0.0546875 0.1234375
2 0.62265625 0.38359375 0.0578125 0.1171875
2 0.81015625 0.103125 0.0265625 0.04375
3 0.69375 0.1578125 0.0078125 0.0515625
2 0.56875 0.24296875 0.04375 0.0703125
2 0.634375 0.1890625 0.04375 0.071875
2 0.60703125 0.15390625 0.034375 0.0578125
2 0.6609375 0.11875 0.03125 0.0515625
2 0.6359375 0.0796875 0.028125 0.0453125
2 0.6765625 0.0734375 0.028125 0.04375
2 0.65390625 0.0421875 0.025 0.0328125