2 0.95078125 0.80859375 0.09375 0.2140625
2 0.71875 0.55390625 0.103125 0.1515625
2 0.60703125 0.38828125 0.05625 0.1265625
2 0.5265625 0.35703125 0.0484375 0.0984375
0 0.6578125 0.30390625 0.0390625 0.075
2 0.57421875 0.21875 0.040625 0.065625
2 0.62109375 0.24140625 0.040625 0.0671875
2 0.65234375 0.146875 0.03125 0.05625
2 0.62109375 0.11796875 0.0390625 0.05625
3 0.6859375 0.16015625 0.009375 0.0625
3 0.63828125 0.08515625 0.009375 0.0359375
2 0.66953125 0.0984375 0.028125 0.0453125
3 0.7609375 0.125 0.0125 0.053125
2 0.80859375 0.0984375 0.0265625 0.0390625
3 0.8109375 0.115625 0.0140625 0.034375
2 0.68046875 0.04921875 0.0203125 0.034375
2 0.65859375 0.0359375 0.021875 0.0296875
2 0.7546875 0.021875 0.0203125 0.03125