3 0.9859375 0.49140625 0.021875 0.0890625
2 0.36171875 0.74296875 0.1546875 0.2640625
2 0.31015625 0.49765625 0.09375 0.146875
2 0.47265625 0.4078125 0.0625 0.146875
2 0.39296875 0.2875 0.0484375 0.09375
2 0.4640625 0.28984375 0.053125 0.0765625
0 0.3453125 0.30625 0.04375 0.075
2 0.3734375 0.20546875 0.0390625 0.0671875
2 0.40859375 0.16328125 0.04375 0.0640625
2 0.375 0.10703125 0.0296875 0.0515625
2 0.3375 0.12265625 0.03125 0.05625
2 0.32421875 0.078125 0.025 0.0359375
3 0.30859375 0.16015625 0.009375 0.053125
2 0.31484375 0.03515625 0.0171875 0.0359375
2 0.18984375 0.1 0.021875 0.034375
3 0.1859375 0.11796875 0.0125 0.0359375