2 0.228125 0.61640625 0.1453125 0.1875
2 0.453125 0.52265625 0.0796875 0.1390625
2 0.4046875 0.3484375 0.0515625 0.096875
2 0.37265625 0.2203125 0.04375 0.0671875
2 0.4171875 0.16484375 0.0390625 0.05625
2 0.3640625 0.1109375 0.03125 0.0515625
3 0.31875 0.31015625 0.0125 0.0671875
3 0.30625 0.30390625 0.0171875 0.0671875
3 0.546875 0.23671875 0.0125 0.0671875
3 0.55625 0.2328125 0.0078125 0.0671875
3 0.42421875 0.06640625 0.0078125 0.0390625
3 0.4328125 0.06875 0.0078125 0.040625
3 0.1390625 0.228125 0.009375 0.0609375
3 0.11796875 0.2296875 0.009375 0.0625
2 0.18984375 0.10078125 0.025 0.0359375
3 0.1890625 0.11328125 0.0078125 0.03125