2 0.26796875 0.9109375 0.146875 0.1765625
3 0.7328125 0.91015625 0.0265625 0.1421875
3 0.3375 0.7140625 0.05625 0.1515625
2 0.31484375 0.57421875 0.09375 0.15625
2 0.46015625 0.478125 0.065625 0.134375
2 0.52890625 0.321875 0.0578125 0.084375
2 0.44453125 0.27890625 0.0484375 0.0796875
2 0.390625 0.3453125 0.0484375 0.0953125
0 0.33671875 0.30390625 0.04375 0.0796875
2 0.37109375 0.21484375 0.04375 0.084375
3 0.44921875 0.21171875 0.0125 0.0578125
2 0.41484375 0.20703125 0.04375 0.065625
2 0.46484375 0.19140625 0.0390625 0.0625
3 0.4234375 0.146875 0.0140625 0.05625
2 0.390625 0.14921875 0.034375 0.0484375
2 0.3375 0.134375 0.03125 0.0578125
2 0.37109375 0.10703125 0.0296875 0.040625
3 0.4109375 0.10703125 0.0078125 0.0515625
2 0.32421875 0.0734375 0.0296875 0.0484375
2 0.34609375 0.046875 0.021875 0.0359375
2 0.3375 0.02734375 0.0171875 0.03125
3 0.15 0.19453125 0.0125 0.053125
2 0.18984375 0.10078125 0.025 0.040625