4 0.3234375 0.75859375 0.159375 0.3921875
2 0.41328125 0.5046875 0.0859375 0.190625
2 0.51328125 0.4640625 0.0625 0.1421875
2 0.56484375 0.359375 0.0796875 0.1078125
3 0.46015625 0.23046875 0.0125 0.075
2 0.3890625 0.26953125 0.0453125 0.0875
2 0.4125 0.19609375 0.04375 0.0671875
2 0.36328125 0.20546875 0.0359375 0.065625
0 0.1734375 0.22734375 0.0125 0.0671875
3 0.1359375 0.19140625 0.0140625 0.05625
2 0.18984375 0.1046875 0.025 0.0484375
2 0.39296875 0.13359375 0.0390625 0.0625
2 0.33671875 0.11875 0.028125 0.0609375
2 0.35703125 0.0671875 0.025 0.04375
2 0.31875 0.06953125 0.021875 0.0390625
2 0.34140625 0.040625 0.0203125 0.0359375