3 0.34140625 0.3375 0.0171875 0.0625
2 0.73828125 0.5296875 0.1109375 0.1421875
2 0.55625 0.51328125 0.0671875 0.134375
2 0.5453125 0.37890625 0.0515625 0.1203125
4 0.5453125 0.1875 0.0875 0.1921875
4 0.64296875 0.1296875 0.053125 0.1109375
2 0.6109375 0.1203125 0.025 0.0484375
3 0.74765625 0.11875 0.009375 0.0484375
3 0.696875 0.1828125 0.0125 0.0484375
2 0.634375 0.0765625 0.021875 0.03125
2 0.6515625 0.0359375 0.0171875 0.0359375
2 0.678125 0.0625 0.0125 0.040625
2 0.68359375 0.04921875 0.021875 0.04375
2 0.66328125 0.02421875 0.0171875 0.0359375