3 0.6296875 0.29921875 0.021875 0.0671875
3 0.69609375 0.203125 0.0125 0.053125
3 0.43359375 0.27421875 0.0125 0.075
2 0.81015625 0.0984375 0.021875 0.03125
3 0.8171875 0.11328125 0.0140625 0.040625
2 0.58046875 0.2125 0.034375 0.0671875
2 0.6109375 0.1265625 0.034375 0.0578125
2 0.634375 0.21171875 0.0390625 0.075
2 0.646875 0.178125 0.03125 0.053125
2 0.65390625 0.1421875 0.0265625 0.040625
2 0.6625 0.115625 0.028125 0.03125
2 0.66484375 0.08984375 0.0265625 0.03125
2 0.6359375 0.0265625 0.0265625 0.0359375
2 0.6828125 0.0734375 0.021875 0.0359375
2 0.68046875 0.0359375 0.0203125 0.03125
2 0.6828125 0.59765625 0.1203125 0.1640625
2 0.72109375 0.91796875 0.1640625 0.1640625