2 0.06875 0.8265625 0.134375 0.2234375
3 0.2703125 0.9203125 0.084375 0.15625
2 0.40859375 0.6046875 0.10625 0.1953125
2 0.33671875 0.4828125 0.09375 0.134375
3 0.40625 0.375 0.0203125 0.0890625
2 0.4578125 0.28515625 0.0484375 0.0796875
2 0.4203125 0.2203125 0.0390625 0.0703125
2 0.359375 0.178125 0.034375 0.05625
3 0.3375 0.28515625 0.0125 0.0671875
0 0.615625 0.359375 0.034375 0.0796875
3 0.696875 0.31015625 0.0171875 0.0703125
3 0.55546875 0.225 0.0140625 0.0609375
2 0.39453125 0.1453125 0.034375 0.0515625
2 0.34609375 0.13125 0.03125 0.0625
2 0.365625 0.084375 0.03125 0.0453125
2 0.33203125 0.08984375 0.0265625 0.0453125
2 0.34140625 0.0328125 0.0203125 0.03125
2 0.18984375 0.0953125 0.0203125 0.0390625
2 0.4671875 0.415625 0.0609375 0.1109375
3 0.2078125 0.1109375 0.0140625 0.0359375