2 0.61875 0.7640625 0.11875 0.228125
2 0.59609375 0.38671875 0.0625 0.1140625
2 0.5359375 0.31640625 0.04375 0.1078125
2 0.61796875 0.24140625 0.0453125 0.0765625
2 0.57109375 0.22578125 0.04375 0.075
3 0.696875 0.18046875 0.0140625 0.0609375
2 0.81015625 0.09609375 0.021875 0.0359375
3 0.86171875 0.17890625 0.0125 0.0375
2 0.7546875 0.02734375 0.0203125 0.03125
2 0.6046875 0.1453125 0.0265625 0.0484375
2 0.64296875 0.165625 0.028125 0.0625
3 0.58984375 0.1109375 0.0171875 0.0515625
2 0.62265625 0.10546875 0.028125 0.0453125
2 0.6390625 0.06015625 0.0265625 0.0390625
2 0.671875 0.1 0.021875 0.0375
2 0.68046875 0.0640625 0.0234375 0.0375
4 0.6578125 0.0203125 0.025 0.0390625
3 0.44140625 0.2296875 0.0125 0.0625