3 0.08515625 0.31484375 0.0171875 0.0828125
2 0.2921875 0.553125 0.1328125 0.18125
2 0.4390625 0.43359375 0.071875 0.1640625
2 0.38671875 0.33671875 0.0484375 0.096875
2 0.51171875 0.29296875 0.0453125 0.1015625
2 0.43515625 0.25234375 0.04375 0.075
2 0.47109375 0.21875 0.0390625 0.0671875
3 0.30859375 0.2328125 0.0125 0.0609375
3 0.4546875 0.1546875 0.0125 0.0484375
2 0.390625 0.13203125 0.04375 0.0953125
2 0.34765625 0.1578125 0.0296875 0.0578125
2 0.37265625 0.21484375 0.04375 0.0796875
2 0.3328125 0.10546875 0.034375 0.0625
2 0.36328125 0.078125 0.03125 0.0484375
2 0.3140625 0.05078125 0.021875 0.0359375
2 0.34609375 0.03515625 0.025 0.0359375
2 0.328125 0.015625 0.0203125 0.0265625
2 0.18984375 0.0984375 0.021875 0.034375
3 0.18046875 0.1703125 0.0140625 0.0578125
3 0.40234375 0.05546875 0.009375 0.0359375