3 0.69375 0.365625 0.0140625 0.0796875
3 0.6046875 0.28359375 0.0125 0.0625
3 0.5921875 0.26796875 0.0125 0.0671875
3 0.20703125 0.9484375 0.0578125 0.1015625
2 0.3140625 0.65625 0.1234375 0.18125
2 0.3109375 0.4890625 0.09375 0.1453125
2 0.52421875 0.41328125 0.0546875 0.128125
2 0.446875 0.3171875 0.0515625 0.0984375
2 0.5 0.27734375 0.0453125 0.0796875
3 0.421875 0.228125 0.0125 0.0671875
3 0.4046875 0.2046875 0.0125 0.071875
3 0.3078125 0.2015625 0.009375 0.0625
2 0.37890625 0.2359375 0.0515625 0.0875
3 0.303125 0.12265625 0.009375 0.053125
2 0.35 0.14921875 0.03125 0.0578125
2 0.39921875 0.1546875 0.0359375 0.053125
2 0.37734375 0.1109375 0.0296875 0.0484375
2 0.3328125 0.09765625 0.0296875 0.0484375
2 0.35703125 0.078125 0.0296875 0.04375
2 0.353125 0.04921875 0.0234375 0.034375
2 0.3234375 0.0671875 0.0234375 0.040625
2 0.1890625 0.10078125 0.025 0.04375