2 0.75703125 0.7203125 0.1265625 0.209375
2 0.57109375 0.58046875 0.0921875 0.1765625
3 0.41015625 0.2828125 0.0171875 0.075
2 0.64296875 0.4375 0.075 0.125
3 0.5046875 0.3390625 0.0203125 0.0859375
2 0.609375 0.2875 0.04375 0.0828125
2 0.53359375 0.38125 0.0515625 0.1109375
2 0.5578125 0.25625 0.0390625 0.075
2 0.5953125 0.16015625 0.034375 0.0625
3 0.625 0.1625 0.009375 0.0484375
2 0.63828125 0.1875 0.0328125 0.0625
3 0.696875 0.2203125 0.0171875 0.0703125
2 0.81015625 0.10078125 0.0203125 0.0359375
3 0.87109375 0.23046875 0.0125 0.0484375
2 0.6578125 0.125 0.0296875 0.0515625
4 0.640625 0.05859375 0.0359375 0.084375
2 0.61328125 0.0640625 0.021875 0.0375
2 0.678125 0.07109375 0.0296875 0.0515625