3 0.85234375 0.4671875 0.0203125 0.0765625
3 0.9359375 0.7609375 0.034375 0.1171875
2 0.18984375 0.10078125 0.025 0.034375
3 0.37734375 0.23828125 0.0140625 0.0625
2 0.43046875 0.2078125 0.034375 0.0625
2 0.365625 0.20078125 0.0390625 0.0609375
2 0.39765625 0.16328125 0.034375 0.0515625
2 0.359375 0.16015625 0.0296875 0.0359375
2 0.384375 0.11640625 0.028125 0.040625
2 0.4125 0.103125 0.028125 0.04375
2 0.34375 0.13125 0.021875 0.0484375
2 0.36796875 0.10234375 0.0234375 0.0484375
2 0.3484375 0.0359375 0.021875 0.0359375
2 0.33046875 0.0953125 0.025 0.040625
2 0.321875 0.06875 0.0203125 0.0375