2 0.66328125 0.821875 0.134375 0.2453125
2 0.94453125 0.80546875 0.1109375 0.2171875
2 0.73828125 0.60234375 0.1234375 0.1734375
2 0.634375 0.415625 0.075 0.15625
2 0.51328125 0.4640625 0.0671875 0.1421875
0 0.85078125 0.38359375 0.0515625 0.084375
2 0.52734375 0.3375 0.0515625 0.0984375
0 0.68125 0.30078125 0.0484375 0.0796875
3 0.696875 0.19609375 0.0125 0.0578125
2 0.56484375 0.2390625 0.0453125 0.0828125
2 0.6140625 0.2484375 0.0484375 0.09375
3 0.6140625 0.17890625 0.0171875 0.05625
2 0.65 0.1453125 0.0390625 0.06875
2 0.57578125 0.15234375 0.0390625 0.053125
2 0.6296875 0.10234375 0.021875 0.0484375
2 0.671875 0.09765625 0.0265625 0.0484375
2 0.64453125 0.07578125 0.025 0.040625
3 0.6234375 0.0609375 0.009375 0.0453125
3 0.63828125 0.0421875 0.009375 0.040625
2 0.65625 0.03984375 0.025 0.0359375
2 0.80859375 0.1 0.0203125 0.034375
3 0.91953125 0.28359375 0.0140625 0.0578125
3 0.93125 0.28359375 0.0125 0.0578125