4 0.58984375 0.7171875 0.1375 0.271875
2 0.5375 0.50390625 0.0671875 0.1421875
2 0.63125 0.390625 0.0640625 0.1109375
3 0.5875 0.30859375 0.0203125 0.0828125
3 0.55390625 0.29921875 0.0171875 0.0859375
3 0.55546875 0.23203125 0.0171875 0.040625
2 0.5453125 0.16796875 0.0390625 0.0515625
2 0.60078125 0.14296875 0.0296875 0.053125
2 0.6390625 0.1625 0.0328125 0.065625
3 0.63671875 0.08984375 0.0125 0.0515625
2 0.66484375 0.10703125 0.0296875 0.0515625
2 0.68125 0.06015625 0.0203125 0.0359375
2 0.81015625 0.0984375 0.021875 0.03125
3 0.65234375 0.290625 0.009375 0.0625
3 0.66953125 0.25234375 0.0125 0.0625
3 0.865625 0.225 0.0125 0.0515625
3 0.88359375 0.20546875 0.0078125 0.053125